1.585544773322678721e-08
4.733855076743669879e-08
1.193535641004569209e-07
2.658994687635712915e-07
5.389565210028335198e-07
1.013935889904555804e-06
1.795845958957819860e-06
3.026172459502133914e-06
4.890465333420502249e-06
7.626633251967101967e-06
1.153393401491623273e-05
1.698266164720250223e-05
2.442451512291970764e-05
3.440366169652071240e-05
4.756846476809949717e-05
6.468387088716291233e-05
8.664448472423365777e-05
1.144882728743160983e-04
1.494108844829042837e-04
1.927807230871809324e-04
2.461544722476197546e-04
3.112933387642732820e-04
3.901799083532169637e-04
4.850356596692830457e-04
5.983387433990840611e-04
7.328428024209893967e-04
8.915959213894729830e-04
1.077960710043658404e-03
1.295633759284510944e-03
1.548667259554922793e-03
1.841489627943656464e-03
2.178927722796052818e-03
2.566228635662780918e-03
3.009082712372423800e-03
3.513646208875054449e-03
4.086565910125461443e-03
4.735001818574700178e-03
5.466652180859241442e-03
6.289779212868848966e-03
7.213231984758802784e-03
8.246472514361113948e-03
9.399605293621913354e-03
1.068339673918785454e-02
1.210930867132378221e-02
1.368951853690012106e-02
1.543695055547253045e-02
1.736530247198892971e-02
1.948907175446027915e-02
2.182358078083986019e-02
2.438500973951949688e-02
2.719042366241138792e-02
3.025779787585780242e-02
3.360604154496023982e-02
3.725503785156419195e-02
4.122566207699260299e-02
4.553981427492773820e-02
5.022045158858585989e-02
5.529160258253833227e-02
6.077839994399992368e-02
6.670712142625311036e-02
7.310522335988944853e-02
8.000131294388816705e-02
8.742526065883829411e-02
9.540815748436855259e-02
1.039823623085623649e-01
1.131815814578858298e-01
1.230407644108101189e-01
1.335963169517270233e-01
1.448859157501470873e-01
1.569487369022707357e-01
1.698253386618849281e-01
1.835577411770538958e-01
1.981894464615707174e-01
2.137654609961710805e-01
2.303322935414993111e-01
2.479379992737471006e-01
2.666322742875832374e-01
2.864663371441557582e-01
3.074929893596613506e-01
3.297667577108793768e-01
3.533437447216277172e-01
3.782817422541445151e-01
4.046402720265483421e-01
4.324803483389861869e-01
4.618650546614210262e-01
4.928589688394619528e-01
5.255283171123252828e-01
5.599413317193939754e-01
5.961679627205838106e-01
6.342797416634263774e-01
6.743501311576650670e-01
7.164544366064400371e-01
7.606695841730352070e-01
8.070744741215284401e-01
8.557497780039960977e-01
9.067778433898784352e-01
9.602428674585555823e-01
1.016231174249625502e+00
1.074830404920217086e+00
1.136130072871270436e+00
1.200221870948637859e+00
1.267198963617154561e+00
1.337156244336094035e+00
1.410190501142788433e+00
1.486400228475707408e+00
1.565885684384808796e+00
1.648748741202046508e+00
1.735093368993283924e+00
1.825024170059884376e+00
1.918648559694913658e+00
2.016074796015997261e+00
2.117413311391657782e+00
2.222775731668929389e+00
2.332275027847006577e+00
2.446026075489641460e+00
2.564144996167446067e+00
2.686749307894289895e+00
2.813957627435169417e+00
2.945890718511134931e+00
3.082669923750446461e+00
3.224417556830925236e+00
3.371257312345045776e+00
3.523314796433077323e+00
3.680715121288023362e+00
3.843585784844424147e+00
4.012054676541673359e+00
4.186249925082019985e+00
4.366300903100547082e+00
4.552338544092582318e+00
4.744492351755865478e+00
4.942894264690001371e+00
5.147675606821940697e+00
5.358967538978794742e+00
5.576903699080748567e+00
5.801615114838137188e+00
6.033234948538086506e+00
6.271895305613718996e+00
6.517728552841245637e+00
6.770864282019558367e+00
7.031436601406618969e+00
7.299576211095613942e+00
7.575410238086982773e+00
7.859072147354233095e+00
8.150688692930581070e+00
8.450385822466543573e+00
8.758292730986109831e+00
9.074531874156900102e+00
9.399229873881953523e+00
9.732505193989078762e+00
1.007448129582129148e+01
1.042527331044953698e+01
1.078499892697027995e+01
1.115377306388458756e+01
1.153170680465197329e+01
1.191890688754471306e+01
1.231548346772531843e+01
1.272153790515593386e+01
1.313717084570479621e+01
1.356247751746969854e+01
1.399755506445771047e+01
1.444248935889596552e+01
1.489736964355371995e+01
1.536227590227960782e+01
1.583728701005322392e+01
1.632247927735106785e+01
1.681791630661562920e+01
1.732366478947786703e+01
1.783978499332401313e+01
1.836632905158259277e+01
1.890334452757121397e+01
1.945087622326802901e+01
2.000896394859497107e+01
2.057763043219471299e+01
2.115690997284933061e+01
2.174681409200646698e+01
2.234735501607185881e+01
2.295854311494349531e+01
2.358036977603720175e+01
2.421283049257948150e+01
2.485590423861365394e+01
2.550956732031330887e+01
2.617379034457996312e+01
2.684853223084239104e+01
2.753374422283095058e+01
2.822936179366313425e+01
2.893532933945540009e+01
2.965156715316616243e+01
3.037799444047051267e+01
3.111451009859243300e+01
3.186102516446976551e+01
3.261741850866932424e+01
3.338356856094813452e+01
3.415935089443133421e+01
3.494461620237085242e+01
3.573922213167930551e+01
3.654300059332662443e+01
3.735578039138967910e+01
3.817738080133503331e+01
3.900760546787174832e+01
3.984625630553944120e+01
4.069311425894277079e+01
4.154795748300632141e+01
4.241054394690229401e+01
4.328062808657550420e+01
4.415626165766347810e+01
4.504046717882740580e+01
4.593136034389584665e+01
4.682864860884604497e+01
4.773202527959718111e+01
4.864117995077309331e+01
4.955578698841691221e+01
5.047551648271163316e+01
5.140000840679319083e+01
5.232891385589781663e+01
5.326186274097619133e+01
5.419847619896150803e+01
5.513836149818957466e+01
5.608112623582781708e+01
5.702634366001279176e+01
5.797360905545461662e+01
5.892248804015986963e+01
5.987253924562443075e+01
6.082330475015683646e+01
6.177434379827673183e+01
6.272517922955780989e+01
6.367532181407894853e+01
6.462431952663207824e+01
6.557165053867998949e+01
6.651682257626170269e+01
6.745934707728356727e+01
6.839868979822632866e+01
6.933432965937220160e+01
6.858984686304610534e+01
6.521878888874914537e+01
6.189236790705430735e+01
5.862914487715962508e+01
5.544863287295811460e+01
5.237114359714242795e+01
4.941781714892515964e+01
4.661052675206030216e+01
4.397174186926885397e+01
4.152446265349956889e+01
3.929212047498720750e+01
3.729834687908650181e+01
3.556695253295852410e+01
3.412164371621332748e+01
3.298590862592633499e+01
3.218278422170709518e+01
3.173466135302482272e+01
3.166305038698806129e+01
3.198842124327421033e+01
3.272987354117583436e+01
3.390497046668471626e+01
3.552949148597605955e+01
3.643394698441436930e+01
3.560421354929776072e+01
3.497687994247470300e+01
3.451234667388446553e+01
3.438556088638644326e+01
3.461415229548438788e+01
3.521472776667128812e+01
3.580560839896934056e+01
3.348567629814104407e+01
3.150619945302749869e+01
2.988813564648457799e+01
2.865127398494355759e+01
2.781405113600648704e+01
2.739334755491456974e+01
2.740435891125776990e+01
2.786036813206535356e+01
2.877256099096156916e+01
3.014999359366526477e+01
3.199933349394621018e+01
3.276902313432644576e+01
3.246020647390773206e+01
3.230410098981142397e+01
3.230832128211099530e+01
3.248035783669739374e+01
3.256592831403806798e+01
3.282808265001607140e+01
3.343778309695498052e+01
3.440336493978114873e+01
3.322285334160793013e+01
3.004941737238384292e+01
2.725204175179737121e+01
2.484707304395005778e+01
2.284925650746547277e+01
2.127180145435509928e+01
2.012611327771269032e+01
1.942180794298755586e+01
1.916655102821354362e+01
1.936609650415514494e+01
2.002420375823291465e+01
2.114263359118766061e+01
2.272118088349001042e+01
2.475769057350072799e+01
2.724813140779937726e+01
3.015246309651412204e+01
2.863891586399616074e+01
2.745492828449953748e+01
2.660948644750578751e+01
2.611048927839192046e+01
2.596485451156509328e+01
2.617833907685073314e+01
2.675569150707006827e+01
2.770047709577726280e+01
2.901517766071534155e+01
3.070118251491621209e+01
3.157053567320355469e+01
2.753749333942084832e+01
2.390166194736651306e+01
2.067399442870887682e+01
1.786428141065311337e+01
1.548079845687431799e+01
1.353045679334237050e+01
1.201880176031820291e+01
1.095000977770486905e+01
1.032687656697194356e+01
1.015092169851071269e+01
1.042240728469613131e+01
1.114038450479604236e+01
1.230281107782817962e+01
1.390658617793970997e+01
1.594770046575178668e+01
1.842121280937728400e+01
2.132152502315658538e+01
2.213284789148910647e+01
2.034579925231080111e+01
1.891045811710718283e+01
1.783249180468690653e+01
1.711687156002766130e+01
1.676787571045714387e+01
1.678902410937763534e+01
1.718315643758291600e+01
1.795244515679906527e+01
1.909846235241234069e+01
2.062214215210841317e+01
2.252388629807873244e+01
2.480358935688940036e+01
2.746064279086672855e+01
2.651596956574708486e+01
2.513598502347375430e+01
2.404117434762702032e+01
2.323744393048409762e+01
2.071945195793560757e+01
1.698243665961649995e+01
1.368272325183672677e+01
1.082783577063342584e+01
8.424660237752336300e+00
6.479408603151546764e+00
4.997838136383403906e+00
3.985112188105815356e+00
3.446002574846310562e+00
3.384815433542694763e+00
3.805513768713982614e+00
4.711776786533577344e+00
6.106975483542787408e+00
7.994338622823038421e+00
1.037692756290636176e+01
1.325773449497494738e+01
1.663969986241694343e+01
1.668976106976954554e+01
1.409444009900028405e+01
1.187426196658925726e+01
1.003643392714633187e+01
8.587794967152904135e+00
7.534994648236573056e+00
6.884292258868205394e+00
6.641742505553441589e+00
6.813156486495684838e+00
7.404072087359503840e+00
8.419893745564795751e+00
9.865787493414126530e+00
1.174680360937583501e+01
1.406776109187417312e+01
1.683340131183890165e+01
2.004841109833533608e+01
1.820537319565035617e+01
1.599010788045029052e+01
1.408340654269575332e+01
1.249212727875505813e+01
1.122294126964127692e+01
1.028232570290188619e+01
9.676582107268131949e+00
9.411825702826376983e+00
9.494002944357376350e+00
9.943482975359531295e+00
1.073726556396061227e+01
1.189481226910809220e+01
1.156743969439724040e+01
8.486990768290429088e+00
5.993799229132227957e+00
4.103476089440311725e+00
2.831560160263411952e+00
2.193330579368302669e+00
2.203905758783700986e+00
2.878178746901606910e+00
4.230761989240867216e+00
6.276014727765343970e+00
9.027932931089205582e+00
1.068709893928481769e+01
1.040565699665460997e+01
1.040323090428796071e+01
1.068483941169250606e+01
1.125537066895234872e+01
1.211956882831304050e+01
1.328201854926560443e+01
1.118213590584103834e+01
8.557186834332533465e+00
6.413476165835609422e+00
4.744692597836301040e+00
3.596132644066913908e+00
2.962838494262388878e+00
2.855626322096704417e+00
3.284960756900585199e+00
4.260981537120470897e+00
5.793402401678905633e+00
7.891504756779001539e+00
1.056411494586775746e+01
1.381952512922325482e+01
1.766548433886592662e+01
2.210912464037761893e+01
2.549999331649017620e+01
2.170497471948877077e+01
1.825342036265392665e+01
1.515420988077127262e+01
1.241601862155998326e+01
1.004735803576332387e+01
8.056474575744672961e+00
6.451415966273925662e+00
5.239907489634788362e+00
4.429474793617425910e+00
4.027282821237874622e+00
4.040195708266845820e+00
4.474725931877262752e+00
5.337017673338096735e+00
6.632798593086600469e+00
8.367412864296165154e+00
1.054570184779513831e+01
1.317207839749507059e+01
1.625040729236634007e+01
1.978405563335403627e+01
2.377576117965245572e+01
2.428309931944501443e+01
2.119124837562721808e+01
1.836329349997034299e+01
1.580504460071986372e+01
1.352213889784868783e+01
1.152004648863672287e+01
9.804027413456712026e+00
8.379144395664630096e+00
7.250245459044824869e+00
6.421901706346405447e+00
5.898496315879093288e+00
5.684102101418389452e+00
5.782539322246667446e+00
6.197323153442397370e+00
6.931678716432809750e+00
7.988483447257056724e+00
9.370315925216102571e+00
1.107941360650676366e+01
1.311759285450136225e+01
1.548638597755051372e+01
1.818683706173341363e+01
2.121970603040176684e+01
2.458517302981737274e+01
2.828316941332386136e+01
3.231309388069355748e+01
3.667390744743671149e+01
4.136403795355747093e+01
4.638161000217331065e+01
5.172416426623596664e+01
5.738872399216570841e+01
6.337185909831372044e+01
6.966970593163775050e+01
7.627774665576234270e+01
8.319109608868724592e+01
9.040431792151754564e+01
9.791143559004622432e+01
1.057060339583657935e+02
1.137810891528378932e+02
1.221292738870647980e+02
1.307426372456691581e+02
1.396126599471733130e+02
1.487305924498664638e+02
1.580870559354418106e+02
1.676723796769011585e+02
1.774763470073838221e+02
1.874882763855412122e+02
1.976974611391909775e+02
2.080923513097099544e+02
1.988535899984073865e+02
1.869572290112552935e+02
1.757942668539928945e+02
1.653840577907027694e+02
1.557468492079992473e+02
1.469039133243508672e+02
1.388777862404393204e+02
1.316915101469681133e+02
1.253690647475192037e+02
1.199359385032705063e+02
1.154182052262808895e+02
1.118431449615233078e+02
1.092392660751784348e+02
1.076358373470376364e+02
1.070634677194156552e+02
1.075540436762315579e+02
1.091408299557785000e+02
1.118581411605482003e+02
1.157421453603704435e+02
1.208303125149846835e+02
1.271618773161323901e+02
1.347779840429961951e+02
1.437216094098612871e+02
1.540378081782551192e+02
1.657742616914775908e+02
1.789811467339291084e+02
1.833462929099371479e+02
1.728797479164507536e+02
1.630347567355003946e+02
1.538343959004185137e+02
1.453029917150330732e+02
1.374654985370717952e+02
1.303483330665110032e+02
1.239784253537544600e+02
1.183842253019981996e+02
1.135952328948261396e+02
1.096417775464682478e+02
1.065557201082217205e+02
1.043698522901786845e+02
1.031183174743636357e+02
1.028363822242513947e+02
1.035608231790704821e+02
1.053296958722486067e+02
1.081822900591777454e+02
1.121597453929966690e+02
1.173040780585822489e+02
1.236595401322128396e+02
1.312714635268021084e+02
1.401871838574271578e+02
1.504553361337506487e+02
1.621268946383197260e+02
1.752542002536142149e+02
1.898915873328316763e+02
1.852448245449514559e+02
1.758383702472047503e+02
1.669992546188643985e+02
1.587514421512516947e+02
1.511197521657002767e+02
1.441296589499425522e+02
1.378074647195250009e+02
1.321802112145305159e+02
1.272757873564346909e+02
1.231227642239739026e+02
1.197506162488318893e+02
1.171894647732191572e+02
1.154702260152483149e+02
1.146245876812991327e+02
1.146850426415797415e+02
1.156845907200050618e+02
1.028632490661623535e+02
8.905917592134822769e+01
7.595914280465692059e+01
6.365251348278231802e+01
5.223402169452763388e+01
4.180433078173449957e+01
3.246976012381310994e+01
2.434283772003831103e+01
1.754201700601527136e+01
1.219216235438510232e+01
8.424188185040833332e+00
6.375400310247489877e+00
6.189363581885001686e+00
8.015690897503946033e+00
1.201012157959531734e+01
1.833408950216091426e+01
2.715462918023878558e+01
3.864372167788465617e+01
5.297814078389889403e+01
7.033834215096318587e+01
9.090832377750264470e+01
1.148740110527600535e+02
1.242405742082097504e+02
1.223670474205120087e+02
1.212320505595212126e+02
1.208587715419110822e+02
1.063289113087862034e+02
9.197891693417480496e+01
7.838006319633002761e+01
6.560620801786082268e+01
5.373383935679667900e+01
4.284252798939463247e+01
3.301448614095881595e+01
2.433483934229683143e+01
1.689103903141573326e+01
1.077314001798855614e+01
6.073311402175634477e+00
2.885746779905492776e+00
1.306394546217389374e+00
1.432551137993707924e+00
3.362599365738939472e+00
7.195546828801525407e+00
1.303058299673507037e+01
2.096655081406649046e+01
3.110142479629300283e+01
4.353163115591959809e+01
5.835136001128522310e+01
7.565170878549342603e+01
9.552027954710023039e+01
1.180398451220133751e+02
1.432876169181789408e+02
1.388151227774503695e+02
1.239742994716783926e+02
1.097210062502879140e+02
9.610333277729814938e+01
8.317055645993811197e+01
7.097287156786747175e+01
5.945389673549257736e+01
4.888784154933942716e+01
3.921282944913123458e+01
3.048188171003076619e+01
2.274816748935056765e+01
1.606513209708808176e+01
1.048606635733336212e+01
6.064028201853385092e+00
2.851484149112332833e+00
9.002164070655024330e-01
2.609859887151004254e-01
9.831921092975909326e-01
3.114684407221041784e+00
6.701351089451550891e+00
1.178688815133917522e+01
1.841233432342977139e+01
2.661591738073064306e+01
3.643242764393073685e+01
4.789299923727575248e+01
6.102490494892742845e+01
7.585082163093751717e+01
9.238871943618097760e+01
1.106514103192517666e+02
1.277174770536793460e+02
1.152719688023728253e+02
1.033382784967767947e+02
9.194544533647140838e+01
8.112241083640225270e+01
7.089816458245539366e+01
6.130142156963429301e+01
5.236082431072415488e+01
4.410448072702954647e+01
3.656020845962989796e+01
2.975527242420063345e+01
2.371614970507803477e+01
1.846873607722070787e+01
1.403790839626196707e+01
1.044757691743119565e+01
7.720610296866138533e+00
5.878465526634385263e+00
4.941346772053947234e+00
4.927871719153155361e+00
5.855106921538267173e+00
7.738268091183678976e+00
1.059070793217759565e+01
1.442375598697610961e+01
1.924655841588740657e+01
2.506618798123245639e+01
3.188701858387764787e+01
3.971114734737279406e+01
4.853821569631308819e+01
5.836486130095259739e+01
6.918517876400446198e+01
8.099046484177770822e+01
9.376889097939485396e+01
1.075062083897885117e+02
1.221844669190139712e+02
1.377834145416323395e+02
1.542794592215212504e+02
1.716461344833890905e+02
1.898540645371577114e+02
2.088710742536445082e+02
2.286620464454207138e+02
2.491892016319505672e+02
2.704123190308766311e+02
2.922884033830040948e+02
3.147723290010436017e+02
3.378168782305858713e+02
3.613726358845750042e+02
3.853885753757106158e+02
4.098119984531709861e+02
4.345890563694711659e+02
4.596642594349549427e+02
4.849819341963344641e+02
5.104851410020384037e+02
5.361172865677391428e+02
5.618208357739251824e+02
5.875393483955075453e+02
6.132156552686079749e+02
6.387944291703248609e+02
6.642207059199453170e+02
6.894406355246719613e+02
7.144018787198285736e+02
7.390542287902056842e+02
7.633484784119588085e+02
7.872381669758419775e+02
8.015536439456947164e+02
7.910656462125700727e+02
7.817099876804139740e+02
7.735291423235872799e+02
7.665688479365227295e+02
7.608786884419146190e+02
7.565119359380280457e+02
7.535249101388550343e+02
7.519772773112822506e+02
7.519333055727285000e+02
7.534599884573539157e+02
7.566276503733305390e+02
7.615105933442980586e+02
7.681847247396078728e+02
7.767299693862755703e+02
7.872295229946856807e+02
7.997677186415838833e+02
8.144325261954173811e+02
8.313111841647770461e+02
8.504956385320970185e+02
8.720760721711288852e+02
8.961438496132057026e+02
9.006613008071203694e+02
8.790346420000000762e+02
8.576449382935310268e+02
8.365778923582919333e+02
8.159297755373038399e+02
7.958067568314646678e+02
7.763252828174089473e+02
7.576107253209650025e+02
7.397996811016067795e+02
7.230369073134836526e+02
7.074766408422724453e+02
6.932812682194658009e+02
6.806210440957256651e+02
6.696722286052580557e+02
6.606168910246726682e+02
6.536414118413638334e+02
6.489347598580325212e+02
6.466867556031903632e+02
6.470875273252095212e+02
6.503241102007737027e+02
6.565787847834147897e+02
6.660282443846962224e+02
6.788396738985510410e+02
6.951690363102522952e+02
7.151598996858745068e+02
7.389407606915124234e+02
7.506751107939514895e+02
7.223443911486771185e+02
6.938314322551156010e+02
6.650642810454212395e+02
6.308824691190226304e+02
6.001895131116733637e+02
5.732497051635709795e+02
5.501911420528302870e+02
5.216513192911978649e+02
4.933313820448043430e+02
4.653088772332405938e+02
4.376658620008255411e+02
4.104897409423558656e+02
3.838694449599657332e+02
3.579012238866325788e+02
3.326826747017622665e+02
3.083153287414996839e+02
2.849037747280912640e+02
2.625543834560735377e+02
2.413746934355544624e+02
2.214742544243887323e+02
2.029621728129834253e+02
1.859473888199129590e+02
1.705381708613458898e+02
1.568394954105594650e+02
1.449549626748107301e+02
1.349835073886672205e+02
1.270194209781154058e+02
1.211520649495864177e+02
1.174641433648927347e+02
1.160312935886501435e+02
1.169206784737848750e+02
1.108842545526754009e+02
9.110577106893711630e+01
7.420418312546236450e+01
6.034916637991675259e+01
4.970052769836993178e+01
4.240638060612896254e+01
3.860238265305726912e+01
3.841075734550754817e+01
4.193944748050051174e+01
4.928096230603964045e+01
6.051280556720928416e+01
7.569592123208845180e+01
9.487538300091189569e+01
1.180796852099717285e+02
1.453212748731822330e+02
1.765957000526132674e+02
2.118840656654574559e+02
2.511508806271721141e+02
2.943461545300210105e+02
2.906587629112222544e+02
2.665945505079493500e+02
2.431519228130192403e+02
2.204352681645379448e+02
1.985514000090635989e+02
1.776087940922372468e+02
1.577183751002970666e+02
1.389904365611638468e+02
1.215364812939467356e+02
1.054680567765947643e+02
9.089471548398449841e+01
7.792489558587139697e+01
6.666476478764722913e+01
5.721777346434375033e+01
4.968331792111879253e+01
4.415688880402403527e+01
4.072911248361769765e+01
3.948538291408280543e+01
4.050474413649609318e+01
4.386016866205815035e+01
4.961744510587953982e+01
5.783500236636363212e+01
6.856354102368861447e+01
8.184568852220390056e+01
9.771583284126037938e+01
1.161996838891111565e+02
1.373143501536507927e+02
1.610677896782947016e+02
1.874594923491711711e+02
2.164805860534549993e+02
2.481128672468437344e+02
2.823292514722643887e+02
3.190956730406783777e+02
3.583689355110464021e+02
4.000979320757568871e+02
4.442244125718924579e+02
4.906833670536109935e+02
5.033936593664413977e+02
4.823090055824307569e+02
4.643982961419380899e+02
4.497116334081997593e+02
4.382940192485488637e+02
4.301847900485093987e+02
4.254171052493088609e+02
4.240174566436397754e+02
4.260088499402161801e+02
4.314064664610945101e+02
4.402220690421500535e+02
4.524612313723818602e+02
4.681263045549355866e+02
4.872128554651025070e+02
5.097129733096332416e+02
5.356148163511790017e+02
5.649019106061123239e+02
5.975537867210231298e+02
6.102547347565520113e+02
5.727829122638831905e+02
5.365592398758942636e+02
5.016702469907893374e+02
4.681988813223903776e+02
4.362276173699584660e+02
4.058338197179007807e+02
3.770928766558872667e+02
3.500765159317841153e+02
3.248539397384748781e+02
3.014895024892825859e+02
2.800449213336160028e+02
2.605783860179787439e+02
2.431435164937285833e+02
2.277905384090772714e+02
2.145653557769491613e+02
2.035103466537080124e+02
1.946643164642377997e+02
1.880610274445377001e+02
1.837315717608669559e+02
1.817023900016590119e+02
1.819959008771826063e+02
1.846314138827380305e+02
1.896242398527481896e+02
1.969861843032056186e+02
2.067248869239063822e+02
2.188451343368237474e+02
2.333480757339616787e+02
2.502311711996327404e+02
2.694897926383935669e+02
2.911150424046601870e+02
3.150955215222535912e+02
3.414168083384017791e+02
3.700618964816019343e+02
4.010107935606000069e+02
4.342413534054205115e+02
4.697281003445709757e+02
5.074445609650589404e+02
5.473606904816496126e+02
5.894448887590729100e+02
6.336637533262697843e+02
6.799807075582027664e+02
7.283592803896183341e+02
7.787591190306444560e+02
8.311398825320146670e+02
8.854587516992577321e+02
9.416702390011569150e+02
9.997305073082202398e+02
1.059591851721301055e+03
1.121206022979512682e+03
1.184522690733593208e+03
1.249492458498787755e+03
1.316063156082606383e+03
1.384182487010414206e+03
1.453796166486963102e+03
1.524850127225080769e+03
1.597288666702085038e+03
1.671056086898480999e+03
1.746094841989501219e+03
1.822348745446275416e+03
1.899759731467250731e+03
1.978268588468474036e+03
2.057817467216259956e+03
2.138346180824654311e+03
2.219795735661252365e+03
2.302105826389385584e+03
2.385217134107697802e+03
2.469069402094028646e+03
2.553601702425290114e+03
2.638754017222054699e+03
2.724466147208694565e+03
2.812690012329067031e+03
2.799906019345439290e+03
2.784651433600111886e+03
2.766967590391717295e+03
2.746922153294330656e+03
2.724602320112346206e+03
2.700124094522987434e+03
2.673628576287448595e+03
2.645280874941547609e+03
2.615275714471080846e+03
2.583830561828810460e+03
2.551188579797304556e+03
2.517617679248561672e+03
2.483408398595329800e+03
2.448869533448155835e+03
2.414332396277192402e+03
2.380138084605762288e+03
2.346646978512887017e+03
2.314224723101717245e+03
2.283246109910718133e+03
2.254086301142759112e+03
2.227121724910868579e+03
2.202721639635180054e+03
2.181249253753589073e+03
2.163054671165824402e+03
2.148469696481688516e+03
2.137812080675419111e+03
2.131375210911321574e+03
2.129424908082513866e+03
2.132204978606286659e+03
2.139638911712318531e+03
2.152520088701432087e+03
2.170675787762995697e+03
2.194222820199198850e+03
2.223243572737328122e+03
2.257792125958137149e+03
2.297880301791624788e+03
2.343496764246145176e+03
2.394597017623552347e+03
2.451103700335955182e+03
2.512913533932138307e+03
2.542710949871072899e+03
2.544345712373864899e+03
2.546760221965318578e+03
2.549968950972784114e+03
2.553984888970594056e+03
2.558820975986332996e+03
2.564488155341624406e+03
2.570996572602215565e+03
2.578355312836376925e+03
2.586572190257183138e+03
2.595653549502655551e+03
2.605605154451947328e+03
2.616430203752627222e+03
2.628131786609243136e+03
2.640711215391979749e+03
2.654167636924551516e+03
2.668500060082317304e+03
2.683704471832156287e+03
2.699776845955570934e+03
2.716710527655353417e+03
2.734497540915224363e+03
2.753128457640716533e+03
2.772592104279307932e+03
2.792875396741647364e+03
2.813964067179678295e+03
2.835841773940518578e+03
2.858490969443041195e+03
