4.364055694630920320e-08
1.302956824791139449e-07
3.285143836745125976e-07
7.318817802075939164e-07
1.483481961961752509e-06
2.790902426552960415e-06
4.943214868288395761e-06
8.329919759769115935e-06
1.346184831436606492e-05
2.099400204500842521e-05
3.175033016262590298e-05
4.675040689176084246e-05
6.723804080573862578e-05
9.471171427374348601e-05
1.309569510464077486e-04
1.780804630876892374e-04
2.385462261746795331e-04
3.152131888579016539e-04
4.113749383776452769e-04
5.308010571468451061e-04
6.777801542674388897e-04
8.571647720216740143e-04
1.074417556715953539e-03
1.335659768413553165e-03
1.647720725044886630e-03
2.018189437564782245e-03
2.455466500163114817e-03
2.968820263189529685e-03
3.568440907637380598e-03
4.265498873346425072e-03
5.072202646362268877e-03
6.001859938247314057e-03
7.068937718068968833e-03
8.289126956144546310e-03
9.679402967962231347e-03
1.125809477222730615e-02
1.304494756825811362e-02
1.506119229130849745e-02
1.732961459198568283e-02
1.987461935101463711e-02
2.272230487617426034e-02
2.590053494926728567e-02
2.943901029828229626e-02
3.336933508654551378e-02
3.772509442279284309e-02
4.254193743450071508e-02
4.785762662441894744e-02
5.371214493357488046e-02
6.014774504220804507e-02
6.720903031355331125e-02
7.494304256164879829e-02
8.339932942998339038e-02
9.263001107120232003e-02
1.026898730266358195e-01
1.136364245202979434e-01
1.255300112510948085e-01
1.384338124891003330e-01
1.524139866587431724e-01
1.675397531588468103e-01
1.838834311927497189e-01
2.015204611924804046e-01
2.205295599914536275e-01
2.409927920033962945e-01
2.629956195266061059e-01
2.866269258670424147e-01
3.119791050150066414e-01
3.391482004776135151e-01
3.682338334750016595e-01
3.993394219167329950e-01
4.325721105400034405e-01
4.680429370746022055e-01
5.058667316302944972e-01
5.461623162083272254e-01
5.890525039435168253e-01
6.346642201342926892e-01
6.831284028266735309e-01
7.345801022214120124e-01
7.891586074073650980e-01
8.470073085359631770e-01
9.082739400102843863e-01
9.731104889468333852e-01
1.041673180194129467e+00
1.114122440303530581e+00
1.190623426294394438e+00
1.271345092374736474e+00
1.356461027568557132e+00
1.446149317289061598e+00
1.540591883477680391e+00
1.639975432855420578e+00
1.744490858929205856e+00
1.854333114599033605e+00
1.969701804300783010e+00
2.090800393071480467e+00
2.217836819972129447e+00
2.351022915344313624e+00
2.490574635658119540e+00
2.636977421308076330e+00
2.790619582189626691e+00
2.951388290771972844e+00
3.120272766656790431e+00
3.301078558081776304e+00
3.490376533341122300e+00
3.688467732842767965e+00
3.895660450095308924e+00
4.112269159981710942e+00
4.339333151486227003e+00
4.585705423693546834e+00
4.843677453569814162e+00
5.113682487407015032e+00
5.396164413756439515e+00
5.691579854262899474e+00
6.000396344237966417e+00
6.323093725522733521e+00
6.660164233859593885e+00
7.012111944502930072e+00
7.379454120578667897e+00
7.762719202839704735e+00
8.162448678392610901e+00
8.579197877827306584e+00
9.013532471099699350e+00
9.466033753714050647e+00
9.937293046248029782e+00
1.042791708549061624e+01
1.093852163063350957e+01
1.146974141737950248e+01
1.197211211949843701e+01
1.246163861083097402e+01
1.296543094899549686e+01
1.348365794105301418e+01
1.401648665215238765e+01
1.456406824570184355e+01
1.512654555786236799e+01
1.570405718325345745e+01
1.629672143956709007e+01
1.690464954419178056e+01
1.752793881305468204e+01
1.816667899500384920e+01
1.882093925717914473e+01
1.949077912453542183e+01
2.017624233500859887e+01
2.091350991424900130e+01
2.169279805086647173e+01
2.249305306347940459e+01
2.331452868980695570e+01
2.415746174222057618e+01
2.502208838642134481e+01
2.590861729044536332e+01
2.681726772564330119e+01
2.774822681595084717e+01
2.870168108368254778e+01
2.967779848563572287e+01
3.067673756593653778e+01
3.169863037916399762e+01
3.274360892125056921e+01
3.381177981126563736e+01
3.490323732628654341e+01
3.601805159042612559e+01
3.723841352862947929e+01
3.858355417530416531e+01
3.996616136054414881e+01
4.138686231942558891e+01
4.281194941389758668e+01
4.416441309377444213e+01
4.554609484856837298e+01
4.695714939469708327e+01
4.839771043664254790e+01
4.986790851228890631e+01
5.136783615888556653e+01
5.289757885031909268e+01
5.445720052577173220e+01
5.604674923772779493e+01
5.766623939022557721e+01
5.931567522270209025e+01
6.099504406985026606e+01
6.270429347020516531e+01
6.444336930174634404e+01
6.621217512156357543e+01
6.801061196446255508e+01
6.983853204360289624e+01
7.173468528973143066e+01
7.356240855178654670e+01
7.541401922654408452e+01
7.728902069079288140e+01
7.918688672407904505e+01
8.110702640559566134e+01
8.304884796132510871e+01
8.501171045492091594e+01
8.685300405376119670e+01
8.868997389945010923e+01
8.997334658193882717e+01
9.115465568997669266e+01
9.230737353833811198e+01
9.342957933722945540e+01
9.451937243794972687e+01
9.557482335805167395e+01
9.659404391318095406e+01
9.757509541735880987e+01
9.851607524420802520e+01
9.941504179870676694e+01
1.002701000122703476e+02
1.019878943488129721e+02
1.037770144954265561e+02
1.055686218006855484e+02
1.072960627614243947e+02
1.087349515894844387e+02
1.102732339443023477e+02
1.119809266730100035e+02
1.136768043376348203e+02
1.153594119701656382e+02
1.170273475377299235e+02
1.186791091396215450e+02
1.203132260822257393e+02
1.209468152123699412e+02
1.212037642299756044e+02
1.214526816697106568e+02
1.208188941538699055e+02
1.206557633686429369e+02
1.204093450381377153e+02
1.200081534311839562e+02
1.207945868640650531e+02
1.219656791728341432e+02
1.227874584737051435e+02
1.215279395452616455e+02
1.207649276568761252e+02
1.206693195978256483e+02
1.206127447893303071e+02
1.213748335194052146e+02
1.223706572087972262e+02
1.230706753565615372e+02
1.235723201244012728e+02
1.240202855660263879e+02
1.239935607035680221e+02
1.228238849491786482e+02
1.219567401694404936e+02
1.215605271861493435e+02
1.220143148712142533e+02
1.224170003747422584e+02
1.227675321014441892e+02
1.230649208720828938e+02
1.233082330176366099e+02
1.225477907225841250e+02
1.202255047275861273e+02
1.178283745164358152e+02
1.179590991933612258e+02
1.182185103390490042e+02
1.184314689056972014e+02
1.185973995573228592e+02
1.187159588056212556e+02
1.187864047387725179e+02
1.179409122661722904e+02
1.165174056311934692e+02
1.141102363923187113e+02
1.113203888493427911e+02
1.091514372372349584e+02
1.081565790350405791e+02
1.071217488965545215e+02
1.063765144912937899e+02
1.060667902924657398e+02
1.050387043789462780e+02
1.041272029646312518e+02
1.035422351819997289e+02
1.021488697519207562e+02
1.004069822497192064e+02
9.912607298213373497e+01
9.779917726406007716e+01
9.642815176405648003e+01
9.817948167150990457e+01
1.005002915730737243e+02
9.954445083357950352e+01
9.586116502060826861e+01
9.219749859134745407e+01
8.906432257642444483e+01
8.839928445960089221e+01
8.770887006181087031e+01
8.790850456684191272e+01
9.130125660834951873e+01
9.486947551137041046e+01
9.509662398190478427e+01
9.479274090005469589e+01
9.721331577302474614e+01
9.996921471832172301e+01
1.016265151319165199e+02
9.879920518341572233e+01
9.681384318653095988e+01
9.572461277027919380e+01
9.732639181735925149e+01
9.776550312695800926e+01
9.891742235165986585e+01
1.015020331296228022e+02
1.021888360713346913e+02
1.038426891043459079e+02
1.052854871569654733e+02
1.046776318306763613e+02
1.026471742701361336e+02
1.029589815668070685e+02
1.057995588046759394e+02
1.087575696594240924e+02
1.074060435360693759e+02
1.058173984105318084e+02
1.042113127524766014e+02
1.026973895300657631e+02
1.048063302107268555e+02
1.098349920727468430e+02
1.148784379738689552e+02
1.161492348873249369e+02
1.179837707675025626e+02
1.208448403921364900e+02
1.237647888089780963e+02
1.217815469694310195e+02
1.217623611090778297e+02
1.230410350309998506e+02
1.263013639505817025e+02
1.324650810142292130e+02
1.402061688604011351e+02
1.481389222577936948e+02
1.508712876625471608e+02
1.527407346292412740e+02
1.546857900873600329e+02
1.611164966858929120e+02
1.649210368057285336e+02
1.666427433806324530e+02
1.706762799296111837e+02
1.780330362703095091e+02
1.825432074413806731e+02
1.813670678848322666e+02
1.839604275647823783e+02
1.919733029057769613e+02
2.001344433015046889e+02
2.084364874976187139e+02
2.168718415450455836e+02
2.254330686128499224e+02
2.336268900455463040e+02
2.339904653327330948e+02
2.344116993492785355e+02
2.348928014114008533e+02
2.356435585787380091e+02
2.442963759009959688e+02
2.530491902390331802e+02
2.618953580439267625e+02
2.634205181737369230e+02
2.642140334755837330e+02
2.649956718773926809e+02
2.670802984521781127e+02
2.747189048109287910e+02
2.823860461054043753e+02
2.872796915715275077e+02
2.889416904471357839e+02
2.982165937456209122e+02
3.075781658548296491e+02
3.170233565776901514e+02
3.265502854814224065e+02
3.361549432839353813e+02
3.440034377858039534e+02
3.516554636257927200e+02
3.551126418393491804e+02
3.521815701206878657e+02
3.587738951164967602e+02
3.663972893889621218e+02
3.739866338391585145e+02
3.815373220041188915e+02
3.890453303753169507e+02
3.965063607803946297e+02
4.039164200483568266e+02
4.112717346218022385e+02
4.185685304347961164e+02
4.258032307807860093e+02
4.329724640479689697e+02
4.400725878913226552e+02
4.471003930928047225e+02
4.540527652105143943e+02
4.609265146442794503e+02
4.677186133741120102e+02
4.744261076140912792e+02
4.753548246518392375e+02
4.747123403930251015e+02
4.807764610371262961e+02
4.885673734577392224e+02
4.917544301971457799e+02
4.948717097809901020e+02
4.980308565216305396e+02
5.077266630006674859e+02
5.174535745363692740e+02
5.272088952836159024e+02
5.369900129377597295e+02
5.467940079792988399e+02
5.526016943498746059e+02
5.578195128714453404e+02
5.629086620193199906e+02
5.678660205962642067e+02
5.726882880954583470e+02
5.773722545160395612e+02
5.819147550421248525e+02
5.915570810387838492e+02
6.037990679054012162e+02
6.142144798433458845e+02
6.133065007682575924e+02
6.117858033133431945e+02
6.066415996718114911e+02
6.018473866879309071e+02
6.001630808495771134e+02
6.113639647879497261e+02
6.188110710195036290e+02
6.215738554404701972e+02
6.211032369688095969e+02
6.189880734093019328e+02
6.116399838311219810e+02
6.040622199599270061e+02
5.963312040706630341e+02
5.920884176260867662e+02
5.993558981021800491e+02
6.059785007521547868e+02
6.062785336688508551e+02
6.072482692725798188e+02
6.077160735270186933e+02
6.066156489788666022e+02
6.142228640146099679e+02
6.182226793403299325e+02
6.176110729863860342e+02
6.169185743080887505e+02
6.161562255100143375e+02
6.153356976116267560e+02
6.139808121401871404e+02
6.123279019914133414e+02
6.113869895067840616e+02
6.146318940976075282e+02
6.247004854511721987e+02
6.215124874969239954e+02
6.163887183227221840e+02
6.131170292716893755e+02
6.170828972478540209e+02
6.166697183005605893e+02
6.163302339292671377e+02
6.160792180008658079e+02
6.148880756832278394e+02
6.128324328687750722e+02
6.147832795968627124e+02
6.162426261398363749e+02
6.133217450044298857e+02
6.069461716398901672e+02
6.145437034981812303e+02
6.189003121878264437e+02
6.200420612093400905e+02
6.213948892493208405e+02
6.200191332225741689e+02
6.119552698628451708e+02
6.038794551036105531e+02
5.958193470779949621e+02
5.931061103650754376e+02
5.934148481892523250e+02
5.964797207823892222e+02
6.113166831785495106e+02
6.274955216877826842e+02
6.445235864372059496e+02
6.620678761575825320e+02
6.804262542104011118e+02
6.819308311649558618e+02
6.672089586448335012e+02
6.626629315730273220e+02
6.586842252554524748e+02
6.547566948752278222e+02
6.508941077500367101e+02
6.577794458098584300e+02
6.695667670524375126e+02
6.819649952409225762e+02
6.949651375343879636e+02
7.085578731422097007e+02
7.032088804045569077e+02
6.930043770581280569e+02
6.941256421806278922e+02
7.006376400083836415e+02
7.072986253761030184e+02
7.174437050707163053e+02
7.296186408532005316e+02
7.422056147943042106e+02
7.552024815023721658e+02
7.558449019347781359e+02
7.685658348369136093e+02
7.807619118686561706e+02
7.928573770340615283e+02
8.048408471300216434e+02
8.167018900143388009e+02
8.284312017802121773e+02
8.400203079083494231e+02
8.514618708124487512e+02
8.749980881227729697e+02
8.870414818320713266e+02
8.764042027243706343e+02
8.733745911371634065e+02
8.719036155717705014e+02
8.704120276630562785e+02
8.693624351086748447e+02
8.787140585741331051e+02
8.894030509980325405e+02
9.069348164329901465e+02
9.247988894614701394e+02
9.425522730410871191e+02
9.578403572443833127e+02
9.679032917046729381e+02
9.839596936790974269e+02
1.003444843740250690e+03
1.018568771838928114e+03
1.030429381052116696e+03
1.039121417932856730e+03
1.035289886882429300e+03
1.027904345042016530e+03
1.020276409455839257e+03
1.012424830657986831e+03
1.004368397252218642e+03
1.014580346228316785e+03
1.027956954480646345e+03
1.049552042681256353e+03
1.057028521928193413e+03
1.064857513818006737e+03
1.080240861496753041e+03
1.095825613454970153e+03
1.102189580553475480e+03
1.101835399206331203e+03
1.101150451358229930e+03
1.100140419114715996e+03
1.098810832982904685e+03
1.097168002756883197e+03
1.101432684726621119e+03
1.117305531578871523e+03
1.125090057290908135e+03
1.123700467906909125e+03
1.149845095176340919e+03
1.178231211288682516e+03
1.196361628154067603e+03
1.212084531572354081e+03
1.227769049147824262e+03
1.228098046027480677e+03
1.227777578031370922e+03
1.227248328103728909e+03
1.226514009130607974e+03
1.225578290941098203e+03
1.224445510076181108e+03
1.223118496943850460e+03
1.221600657340093449e+03
1.219895120137538925e+03
1.218004507432343871e+03
1.215931020133362608e+03
1.223942562257707777e+03
1.262661293831260991e+03
1.303649147330903361e+03
1.346998941604346783e+03
1.394115375502023198e+03
1.462840340542014246e+03
1.534524093727329273e+03
1.570362199476533533e+03
1.602381607709236050e+03
1.634575930219574047e+03
1.666922320580071755e+03
1.699396456180207451e+03
1.731973790244639076e+03
1.764627604383645803e+03
1.797330237348480523e+03
1.830052947801858181e+03
1.862765423817852252e+03
1.891565362804834422e+03
1.916671079215667760e+03
1.941445360107976512e+03
1.965900124514256731e+03
1.990053181768141712e+03
2.013926411160789030e+03
2.037545427816866550e+03
2.060938363240461513e+03
2.084135751354008789e+03
2.107167692588151567e+03
2.130064305225579119e+03
2.152853880236601071e+03
2.175562711903157833e+03
2.198213199143010570e+03
2.220823879253151063e+03
2.243408709897595145e+03
2.265976790027922107e+03
2.288531397697019202e+03
2.323811925229037115e+03
2.375709586454226155e+03
2.425746109238534700e+03
2.449109436097354319e+03
2.424125075359073890e+03
2.393295489212211578e+03
2.364346350314597657e+03
2.337360068202203365e+03
2.312407803371700538e+03
2.300900417716399261e+03
2.295747948754544268e+03
2.271823858142161953e+03
2.261961365855912845e+03
2.232489436019100594e+03
2.208601828301057139e+03
2.199351737514163688e+03
2.192483474897881933e+03
2.188021921024667336e+03
2.185983930942232291e+03
2.186386169085061283e+03
2.189241692996404709e+03
2.194564398122885905e+03
2.202363213882979380e+03
2.212648131393880249e+03
2.225428696615761964e+03
2.240711968169090142e+03
2.258508543365984679e+03
2.278826792949722403e+03
2.301675443440830350e+03
2.296564186878463261e+03
2.276333130508444810e+03
2.309517114470457727e+03
2.320387330576931163e+03
2.313346089615110031e+03
2.307392975480776840e+03
2.274213949839842826e+03
2.242665515671779758e+03
2.212808431009643755e+03
2.184699346384599266e+03
2.198334143158434017e+03
2.219275794664353270e+03
2.240880992945696562e+03
2.263119334966505448e+03
2.285961095776272941e+03
2.302548072590809625e+03
2.303285219320695433e+03
2.304195994106726175e+03
2.306561214277568524e+03
2.310416992707353529e+03
2.315799028709298000e+03
2.294223463534905932e+03
2.256519220325203605e+03
2.220583172208890574e+03
2.193927816645157691e+03
2.179539494334563642e+03
2.170469420401824209e+03
2.187623072712277008e+03
2.213363571072560262e+03
2.219248958874916298e+03
2.225773756201978358e+03
2.232953258198922413e+03
2.240801463881630298e+03
2.249332062176714317e+03
2.258558635070805849e+03
2.268493945245321811e+03
2.279150753411376172e+03
2.290541860461340548e+03
2.302680152994136733e+03
2.315578284836815328e+03
2.329249377281878878e+03
2.308168286967358654e+03
2.286186905018651487e+03
2.264608896079192618e+03
2.274013761284064003e+03
2.270636658095590064e+03
2.266651263081332672e+03
2.264341282581721316e+03
2.263710954812584532e+03
2.264766041127038079e+03
2.305909764736135912e+03
2.365713627607267881e+03
2.427711382180806140e+03
2.483868147752002642e+03
2.463279259018671382e+03
2.483468463979079843e+03
2.495766725620376747e+03
2.494934883991352763e+03
2.486965664148587166e+03
2.487415738938490904e+03
2.504156821821476569e+03
2.521418067830715700e+03
2.539236331346333827e+03
2.552054161109320830e+03
2.586097430086986606e+03
2.596381368022955485e+03
2.618952363129325477e+03
2.653198441433161861e+03
2.699897710846660630e+03
2.749610455011425984e+03
2.779398367109241462e+03
2.816617698387944984e+03
2.864599170471778962e+03
2.915639775579621528e+03
2.969839404814677437e+03
3.050611435001866994e+03
3.176526514163369939e+03
3.311096447207000892e+03
3.454671738694341002e+03
3.607587801337205292e+03
3.674252018479471189e+03
3.730880319063781826e+03
3.791634464537466556e+03
3.759955705682534699e+03
3.728893859383940253e+03
3.698885308494917354e+03
3.669998831802212408e+03
3.642279445046893670e+03
3.615750735055903988e+03
3.590415146266076590e+03
3.577552931543762497e+03
3.604028524232729069e+03
3.632822615121011950e+03
3.663957222786782040e+03
3.697441941795797447e+03
3.733273679836457632e+03
3.771437790868979391e+03
3.811909215586567370e+03
3.854652351736093806e+03
3.899622281728153212e+03
3.946764239566446577e+03
3.996015158150835305e+03
4.047303305623228880e+03
4.100548479128688996e+03
4.155663040233528591e+03
4.212551048658867330e+03
4.271110300010090214e+03
4.331230262387056428e+03
4.392794155109163512e+03
4.455678865302684244e+03
4.519754258001486960e+03
4.584884734444121932e+03
4.650928584884522934e+03
4.717739047179493355e+03
4.785164444844843274e+03
4.853048035791691291e+03
4.921228334001621079e+03
4.989542188585539407e+03
5.057820586115761216e+03
5.125894040595407205e+03
5.193589950652713014e+03
5.260734663791392450e+03
5.327155169864747222e+03
5.392678155269328272e+03
5.457133003530037968e+03
5.517041853984339468e+03
5.577391298404552799e+03
5.638094331482081543e+03
5.698954956931118431e+03
5.757675024895227580e+03
5.812387248998778887e+03
5.842735494818018196e+03
5.869273541127669887e+03
5.894678771952405441e+03
5.916080972630975339e+03
5.933348677319489070e+03
5.946366003416206695e+03
5.955035725372914385e+03
5.959281605895690518e+03
5.959047145306999482e+03
5.954295517192820625e+03
5.945015884236183410e+03
5.931212906555807422e+03
5.927445758200072305e+03
5.860199951568221877e+03
5.768416197581113920e+03
5.741361783374366496e+03
5.724380199178272960e+03
5.707971083713072403e+03
5.692274821936463923e+03
5.677433453741587073e+03
5.663583693532973484e+03
5.650863760814146190e+03
5.678475097275163535e+03
5.772856277561806564e+03
5.866422181989284582e+03
5.959125360166511200e+03
6.050922168488866191e+03
6.083095428677212112e+03
6.110268855332960811e+03
6.134855091344359607e+03
6.156882441079114869e+03
6.176385831898042852e+03
6.193410040744556682e+03
6.208003821819430414e+03
6.195575112670199815e+03
6.143860341915673416e+03
6.090176394088144662e+03
6.034706877657568839e+03
5.977639396182370547e+03
5.919152038560137953e+03
5.859426813630294419e+03
5.798640197075519609e+03
5.736964619489884171e+03
5.674573168735376385e+03
5.611629390465885990e+03
5.596431248545801282e+03
5.625600998191817780e+03
5.653482225599551384e+03
5.680073113296470183e+03
5.705378444219695666e+03
5.674139279486000305e+03
5.620749731244210125e+03
5.569570872157513804e+03
5.520728348867892237e+03
5.474353876867849976e+03
5.430577985292548874e+03
5.389530656041357361e+03
5.351346199890404023e+03
5.316165809383258420e+03
5.284124066460310132e+03
5.255368627184009711e+03
5.258569263424769815e+03
5.276822100272023818e+03
5.298614817346372547e+03
5.324110897315430520e+03
5.353481725707109035e+03
5.386909553712996058e+03
5.424587248105486651e+03
5.481875899847287656e+03
5.532082187950183652e+03
5.528256820483218689e+03
5.536611132039232871e+03
5.569514721339359312e+03
5.606668230284831225e+03
5.648178642664589461e+03
5.754739646743996673e+03
5.908762461967939089e+03
6.070206482054876687e+03
6.176176136840455001e+03
6.245470196703390684e+03
6.319544568221508598e+03
6.398493295968876737e+03
6.482405249544191975e+03
6.463741376340791248e+03
6.440618519074640062e+03
6.420113924174763270e+03
6.402473469624885183e+03
6.387944252830154255e+03
6.376774232243496954e+03
6.369208768828766551e+03
6.365491057278723019e+03
6.365859408623056879e+03
6.370546036307567192e+03
6.380181596733746119e+03
6.394178334190227361e+03
6.413140910725378490e+03
6.437264912012580680e+03
6.466732293255455261e+03
6.501712284136961898e+03
6.542360680969159148e+03
6.588815442461660496e+03
6.641200804474627148e+03
6.699621059221812175e+03
6.812079471944828583e+03
6.939085213818234479e+03
7.069684746709377578e+03
7.203860630163662790e+03
7.341589583056123956e+03
7.482839281712953380e+03
7.627571812023668826e+03
7.775736115301559039e+03
7.927273603712934346e+03
8.082114117024009829e+03
8.240172379554956933e+03
8.401349824657962017e+03
8.565530400040261156e+03
8.732581128063704455e+03
8.902346172025139822e+03
9.074646944941043330e+03
9.249278765742474206e+03
9.426007545207241492e+03
9.604568229076750868e+03
9.784659917487866551e+03
9.965940503720590641e+03
1.014803022423560469e+04
1.033050333266593952e+04
1.054861837946814558e+04
1.078130899682149357e+04
1.101603785026642799e+04
1.125204447093348244e+04
1.143838354122374767e+04
1.158407915150713234e+04
1.172844190544010962e+04
1.187125890118328789e+04
1.201232387812303386e+04
1.215143794007088945e+04
1.228840654089890086e+04
1.242304718256277192e+04
1.255517825262472070e+04
1.268463042895866056e+04
1.281123783425761576e+04
1.293484501154741156e+04
1.305530265066422726e+04
1.317247315660637105e+04
1.328622900641406886e+04
1.339645430241771464e+04
1.350305148746486884e+04
1.360593434369204988e+04
1.370503789919463088e+04
1.380031466470312989e+04
1.389174152283686271e+04
1.389716921763283244e+04
1.387227948307594124e+04
1.384349657386715990e+04
1.381094670032396971e+04
1.377437680812423787e+04
1.364880671857158450e+04
1.352405207274713030e+04
1.340036616696778583e+04
1.327798623534224134e+04
1.315713795202503024e+04
1.303804404446259286e+04
1.292090642879966254e+04
1.280592413770064377e+04
1.269328910885720325e+04
1.258318349731660055e+04
1.247578090104151306e+04
1.237124945190949074e+04
1.226975409146724996e+04
1.217144737241643270e+04
1.207648405495443149e+04
1.198500942116758961e+04
1.189717090356339941e+04
1.185977452280157740e+04
1.196809377432866677e+04
1.209209718290898309e+04
1.206209356844918875e+04
1.198754406041518450e+04
1.198330763814906823e+04
1.209889420215951395e+04
1.221842872738332881e+04
1.234100451881400477e+04
1.246565231850824966e+04
1.250827185335246031e+04
1.245736990113896172e+04
1.240995731055516990e+04
1.236595497345772128e+04
1.232526605151318654e+04
1.228778035012969849e+04
1.225337603444436900e+04
1.222192578079049235e+04
1.219328819823850426e+04
1.216731848254354918e+04
1.214386135125865621e+04
1.208024970663736167e+04
1.194282419122597457e+04
1.181362504560407979e+04
1.169264344796970545e+04
1.157986599062378809e+04
1.150047885992480224e+04
1.150389035392268306e+04
1.155755510886071352e+04
1.164628512975471676e+04
1.174361178514013955e+04
1.184973484096727771e+04
1.196484471761173336e+04
1.208913604564941488e+04
1.222278018584783058e+04
1.236594105519208097e+04
1.251877037018097144e+04
1.268140129344705565e+04
1.285393421893475534e+04
1.298108653186789525e+04
1.307029226442385698e+04
1.295450037147592411e+04
1.283469766785027605e+04
1.271150106321227031e+04
1.258551428453985318e+04
1.245732427960873974e+04
1.252128332929480894e+04
1.261371478671781733e+04
1.271010276889650413e+04
1.281267004695982905e+04
1.291763438236607180e+04
1.302722459156484001e+04
1.314166747145370391e+04
1.326119568677505777e+04
1.342978172013300718e+04
1.370630349337610460e+04
1.399712823794018550e+04
1.430243344259159858e+04
1.453977611211192379e+04
1.472208979432301203e+04
1.491486271151149776e+04
1.511890147343059652e+04
1.533506741706199682e+04
1.556425545416734894e+04
1.580738504098522935e+04
1.606538619738139460e+04
1.633918881634913487e+04
1.662970891791494068e+04
1.693784406307444078e+04
1.721126813924019734e+04
1.732078348875758820e+04
1.743477871439680166e+04
1.755310783742330386e+04
1.767563499893891276e+04
1.780224311766494793e+04
1.793284416561698526e+04
1.806738159162651937e+04
1.820584120374962367e+04
1.834824915829076781e+04
1.849467012614573468e+04
1.864520704385113640e+04
1.879999318816111190e+04
1.895918476677436774e+04
1.912295512603793031e+04
1.929148553149307190e+04
1.946495417054696009e+04
1.964353157532674231e+04
