1.349138716991483481e-08
4.027998766995335751e-08
1.015559512165815143e-07
2.262467582705127796e-07
4.585776318729007545e-07
8.627066961462848725e-07
1.527969464203908152e-06
2.574728623866660244e-06
4.160825730474285926e-06
6.488630494265382080e-06
9.812684254615303299e-06
1.444792919357192819e-05
2.077851989051673852e-05
2.926722048017440375e-05
4.046535569157620179e-05
5.502335368998801475e-05
7.370179869068772870e-05
9.738309279859724268e-05
1.270836158715409970e-04
1.639664466523347013e-04
2.093546136635085736e-04
2.647447286381206764e-04
3.318214531550825160e-04
4.124720768286922160e-04
5.088018563195288724e-04
6.231497271392264685e-04
7.581044662517096629e-04
9.165211608710690724e-04
1.101538837673429316e-03
1.316597430509566444e-03
1.565455760495126827e-03
1.852210238952071856e-03
2.181313428405453735e-03
2.557592968223489690e-03
2.986271707437720795e-03
3.472986013406595667e-03
4.023808014353016417e-03
4.645264470843192203e-03
5.344359177451546428e-03
6.128591111572232429e-03
7.005980733031953907e-03
7.985084874507587804e-03
9.075025650384059561e-03
1.028550616865876732e-02
1.162684050974520551e-02
1.310996840477927916e-02
1.474647864015869378e-02
1.654863917034806592e-02
1.852941537864163934e-02
2.070248810209193366e-02
2.308228674696852223e-02
2.568400057219284716e-02
2.852361995866127195e-02
3.161793563451910372e-02
3.498458748635793064e-02
3.864206360305890570e-02
4.260974228677005121e-02
4.690790446375402156e-02
5.155776850313954079e-02
5.658149924895766736e-02
6.200222367978134447e-02
6.784409233220203839e-02
7.413226220221443008e-02
8.089292771242741209e-02
8.815336396834080879e-02
9.594192388874497879e-02
1.042880522366138735e-01
1.132223760561603537e-01
1.227765824526929478e-01
1.329836444251691896e-01
1.438776248114508882e-01
1.554938488165080734e-01
1.678688599500519907e-01
1.810404707489917109e-01
1.950477132202783626e-01
2.099309681159915453e-01
2.257318418228957679e-01
2.424933454012866418e-01
2.602597736335021672e-01
2.790767592270080311e-01
2.989913238827525133e-01
3.200519167003323395e-01
3.423082335990570990e-01
3.658115382619669398e-01
3.906143951696355865e-01
4.167709087891703912e-01
4.443364487163919962e-01
4.733680225663491892e-01
5.039239606342900135e-01
5.360640599474477686e-01
5.698496651354214571e-01
6.053434137399529291e-01
6.426097640210337580e-01
6.817142270487555056e-01
7.227240584368417320e-01
7.657078512938926274e-01
8.107359132515020717e-01
8.578796775967776345e-01
9.072123140617737169e-01
9.588083006277740017e-01
1.012743719684848331e+00
1.069096042511839206e+00
1.127943994474909228e+00
1.189368073175878227e+00
1.253449808572775881e+00
1.320272476536780815e+00
1.389920476245433134e+00
1.462479902529254305e+00
1.538037537459951309e+00
1.616682459157210427e+00
1.698504267412551227e+00
1.783593810205711838e+00
1.872043913274367588e+00
1.963948108956175220e+00
2.059400771840283806e+00
2.158498305472496881e+00
2.261337553740072170e+00
2.368016543066594704e+00
2.478634722783888300e+00
2.593292238393817062e+00
2.712090258625644790e+00
2.835130642504417597e+00
2.962516184422167242e+00
3.094351039342901455e+00
3.230739827397937969e+00
3.371786959207618839e+00
3.517599057728432399e+00
3.668282413367105921e+00
3.823944335913987302e+00
3.984691369907501279e+00
4.150632051810398515e+00
4.321874082646133708e+00
4.498526559501981659e+00
4.680697227285858020e+00
4.868495104330821555e+00
5.062029320335208027e+00
5.261408033322195088e+00
5.466739662891668239e+00
5.678132667634614883e+00
5.895695723282453393e+00
6.119535265760368326e+00
6.349757978571876293e+00
6.586471687407862596e+00
6.829781135328800268e+00
7.079790272263761786e+00
7.336604259016503704e+00
7.600326548521978864e+00
7.871056472409771132e+00
8.148897215225364477e+00
8.433945713517658760e+00
8.726299746191337192e+00
9.026057174780570236e+00
9.333309507129916582e+00
9.648150352745151537e+00
9.970670617672514169e+00
1.030095770808211419e+01
1.063909769637816005e+01
1.098517217345041530e+01
1.133926652468745644e+01
1.170145518412929064e+01
1.207181368542493871e+01
1.245041804396696428e+01
1.283733183327443328e+01
1.323262785744069348e+01
1.363636262551770173e+01
1.404859978045994673e+01
1.446939316129259723e+01
1.489879257079362596e+01
1.533684848495366815e+01
1.578360209435753880e+01
1.623909501868168448e+01
1.670335904348272038e+01
1.717642673602502867e+01
1.765831960773479636e+01
1.814906307085590953e+01
1.864866821650993600e+01
1.915714606422335820e+01
1.967450305359345464e+01
2.020073390730532381e+01
2.073583725352034790e+01
2.127979551195144836e+01
2.183259303386152084e+01
2.239420171808868076e+01
2.296459622663808275e+01
2.354373662370911191e+01
2.413157905734061970e+01
2.472806831060900734e+01
2.533315200984775828e+01
2.594675933512085209e+01
2.656882724762731129e+01
2.719926880255308177e+01
2.783800607279632899e+01
2.848493170843286748e+01
2.913995989584769575e+01
2.980296954142302468e+01
3.047384913933809969e+01
3.115247148650809805e+01
3.183870256936903687e+01
3.253240412237119727e+01
3.323343017220684459e+01
3.394161148110926263e+01
3.465679081380418580e+01
3.537879735948857274e+01
3.610744152686241648e+01
3.684141036180522377e+01
3.758268908585366574e+01
3.832999532790840647e+01
3.908313546992030041e+01
3.984186615369220164e+01
4.060595238194622425e+01
4.137516012792919895e+01
4.214924025533129992e+01
4.292792455793403406e+01
4.371095329591443601e+01
4.449804593945017928e+01
4.528891372496217116e+01
4.608326605643487284e+01
4.688080837560191583e+01
4.768122893027698694e+01
4.848420667440815635e+01
4.928942371483724827e+01
5.009653978017448850e+01
5.090521867510709342e+01
5.171511306983898493e+01
5.252586604279294136e+01
5.333711815731621897e+01
5.414850386531697524e+01
5.495964722913340950e+01
5.577016450042258100e+01
5.657966341231829688e+01
5.738777857890264045e+01
5.819407154064401766e+01
5.899816457557068361e+01
5.979964044219431685e+01
6.059808907422630853e+01
5.862914487715962508e+01
5.544863287295811460e+01
5.237114359714244216e+01
4.941781714892516675e+01
4.661052675206029505e+01
4.397174186926885397e+01
4.152446265349955468e+01
3.929212047498720750e+01
3.729834687908650181e+01
3.556695253295853831e+01
3.412164371621332748e+01
3.298590862592633499e+01
3.218278422170709518e+01
3.173466135302482272e+01
3.166305038698806129e+01
3.198842124327421033e+01
3.272987354117583436e+01
3.390497046668471626e+01
3.552949148597606666e+01
3.684420079312661045e+01
3.576058858182828715e+01
3.497687994247470300e+01
3.451234667388446553e+01
3.438556088638644326e+01
3.461415229548438788e+01
3.511861565308339550e+01
3.522354771737769852e+01
3.348567629814104407e+01
3.150619945302749869e+01
2.988813564648457799e+01
2.865127398494355759e+01
2.781405113600648704e+01
2.739334755491456974e+01
2.740435891125776990e+01
2.786036813206535356e+01
2.877256099096156916e+01
3.014999359366526477e+01
3.199933349394621018e+01
3.317072111490753628e+01
3.229557279083434196e+01
3.150801154586559960e+01
3.081418223598069872e+01
3.022017329256774687e+01
2.973214203819865986e+01
2.935622565434443487e+01
2.909848789599423924e+01
2.896505945656150516e+01
2.896191198575963099e+01
2.909499636321518778e+01
2.725204175179737121e+01
2.484707304395005778e+01
2.284925650746547277e+01
2.127180145435509928e+01
2.012611327771269032e+01
1.942180794298755586e+01
1.916655102821354362e+01
1.936609650415514494e+01
2.002420375823291465e+01
2.114263359118766061e+01
2.272118088349001042e+01
2.475769057350072799e+01
2.724813140779937726e+01
3.018663143760292300e+01
3.339840827077712504e+01
3.418969339428004872e+01
3.235558730080789758e+01
3.081455821629880276e+01
2.957625819616509233e+01
2.864961109656793425e+01
2.804268749424435825e+01
2.776271409140113988e+01
2.781596421246720752e+01
2.820787221679000822e+01
2.894289327266097089e+01
2.753749333942084832e+01
2.390166194736651306e+01
2.067399442870887682e+01
1.786428141065311337e+01
1.548079845687431799e+01
1.353045679334237050e+01
1.201880176031820291e+01
1.095000977770486905e+01
1.032687656697194356e+01
1.015092169851071269e+01
1.042240728469613131e+01
1.114038450479604236e+01
1.230281107782817962e+01
1.390658617793970997e+01
1.594770046575178668e+01
1.842121280937728400e+01
2.132152502315658538e+01
2.464232753753741889e+01
2.837677368185729776e+01
2.796049963206630196e+01
2.564475685874928956e+01
2.364629969086892558e+01
2.197222454462137264e+01
2.062904191802336484e+01
1.962258598445983537e+01
1.895808795248962753e+01
1.864019530560532090e+01
1.867292474424784743e+01
1.905968980982669336e+01
1.980338901148643771e+01
2.090634468683494873e+01
2.237037868123445605e+01
2.419682154790669060e+01
2.638655343722417967e+01
2.488567851196045311e+01
2.071945195793560757e+01
1.698243665961649995e+01
1.368272325183672677e+01
1.082783577063342584e+01
8.424660237752336300e+00
6.479408603151546764e+00
4.997838136383403906e+00
3.985112188105815356e+00
3.446002574846310562e+00
3.384815433542694763e+00
3.805513768713982614e+00
4.711776786533577344e+00
6.106975483542787408e+00
7.994338622823038421e+00
1.037692756290636176e+01
1.325773449497494738e+01
1.663969986241694343e+01
2.052573381570446642e+01
2.491890404429276984e+01
2.522343373468849848e+01
2.186083714234069220e+01
1.883362349575005723e+01
1.614974319837964956e+01
1.381684559559661452e+01
1.184225318308103603e+01
1.023307561204409311e+01
8.996097601891733575e+00
8.137902866845605487e+00
7.664818778958995438e+00
7.582933311667907184e+00
7.898127412262292424e+00
8.616089908401043829e+00
9.742306663917966958e+00
1.128209771389086313e+01
1.324062114340891405e+01
1.562291939001075036e+01
1.843380253646017053e+01
2.167804368547427885e+01
2.536030854557994729e+01
2.422837663492598281e+01
2.157035927506004569e+01
1.917344312318050825e+01
1.705494211549912009e+01
1.520103072192330451e+01
1.362805354634864941e+01
1.156743969439724040e+01
8.486990768290429088e+00
5.993799229132227957e+00
4.103476089440311725e+00
2.831560160263411952e+00
2.193330579368302669e+00
2.203905758783700986e+00
2.878178746901606910e+00
4.230761989240867216e+00
6.276014727765343970e+00
9.027932931089205582e+00
1.250019659965554730e+01
1.670597119031019773e+01
2.165808395237872475e+01
2.157772953118697146e+01
1.945861433213772074e+01
1.753476023221693936e+01
1.581134226394745568e+01
1.429336720573593844e+01
1.298578266572254769e+01
1.189345819100385171e+01
1.102114139117880853e+01
1.037352061853624008e+01
9.955126747156374023e+00
9.770425657361380800e+00
7.559822453268997933e+00
5.742607725337720126e+00
4.392499268060237050e+00
3.519587457881507842e+00
3.133691825764169714e+00
3.244265919010537846e+00
3.860419479869171333e+00
4.990897169690795110e+00
6.643985677970907666e+00
8.827547073533898114e+00
1.154894018015201773e+01
1.481496902324540699e+01
1.863193808618276037e+01
2.300542926334581750e+01
2.794047058412587958e+01
3.344127214757040178e+01
3.371653875458982697e+01
2.961694825240594753e+01
2.580292924470942140e+01
2.228215406933034615e+01
1.906209659717546145e+01
1.614999403853316906e+01
1.355307553781039331e+01
1.127823105329195919e+01
9.332198332057927814e+00
7.721463179224322460e+00
6.452307529882440384e+00
5.530735560894679104e+00
4.962466339260227954e+00
4.752941255913011531e+00
4.907289792577407717e+00
5.430299289679562769e+00
6.326390757998351155e+00
7.599673861475233494e+00
9.253826577697681799e+00
1.129209883835193118e+01
1.371734614759780158e+01
1.653196214680464138e+01
1.973784574305084760e+01
2.333644555035976609e+01
2.732865769881336959e+01
3.157565712735021890e+01
2.837978671591265112e+01
2.538962307786698958e+01
2.260969272670115870e+01
2.004444657888949166e+01
1.769823219349769161e+01
1.557519088439143928e+01
1.367937074892931371e+01
1.201460788093405441e+01
1.058460353904682449e+01
9.392860761812407588e+00
8.442724739475961471e+00
7.737318330611399730e+00
7.279525938230219317e+00
7.072126752279009665e+00
7.117541744948873372e+00
7.418080358745560154e+00
7.975732301755514619e+00
8.792258026253120917e+00
9.869205289268972336e+00
1.120779707460148522e+01
1.280901296221132846e+01
1.467355873945943934e+01
1.680183554168019100e+01
1.919398335293031721e+01
2.184977938415933707e+01
2.476878042519035006e+01
2.795017413305102494e+01
3.139281369694933943e+01
3.509531762638798114e+01
3.905588201770802215e+01
4.327244301789006187e+01
4.774254190589864777e+01
5.246350683860915609e+01
5.743224670737701842e+01
6.264532670164001615e+01
6.809899304634286921e+01
7.378918223154013845e+01
7.971156107013074177e+01
8.586144789468137617e+01
9.223371738268036779e+01
9.882321981963741564e+01
1.056240428505928435e+02
1.126305892710679188e+02
1.198364627301689325e+02
1.199359385032705063e+02
1.154182052262808895e+02
1.118431449615233078e+02
1.092392660751784348e+02
1.076358373470376364e+02
1.070634677194156552e+02
1.075540436762315579e+02
1.091408299557785000e+02
1.118581411605482003e+02
1.157421453603704435e+02
1.208303125149846835e+02
1.271618773161323901e+02
1.347779840429961951e+02
1.437216094098612871e+02
1.540378081782551192e+02
1.657742616914775908e+02
1.789811467339291084e+02
1.937109036489032690e+02
2.100195152925873856e+02
2.279660267355472456e+02
2.394133582832723732e+02
2.266806033965339111e+02
2.144495654398381532e+02
2.027394400340803600e+02
1.915708145008476606e+02
1.809648177991401496e+02
1.709434954553392743e+02
1.615301788654697077e+02
1.527485899789425332e+02
1.446240528084470043e+02
1.371821654139743316e+02
1.304502232574083394e+02
1.244561624241177924e+02
1.192287487302859290e+02
1.147981992495858492e+02
1.111956885649540396e+02
1.084534254173524914e+02
1.066048225889843337e+02
1.056841400827016031e+02
1.057273498050938656e+02
1.067710820214987848e+02
1.088535723212952888e+02
1.120141283669723293e+02
1.162933064436644628e+02
1.217330062702540516e+02
1.283765285493490751e+02
1.362684325308498785e+02
1.454544666488078803e+02
1.559820152751059084e+02
1.678999239539771509e+02
1.812578719178078472e+02
1.961075443086708106e+02
2.125015488720969756e+02
2.127922045704427774e+02
1.961297772569736537e+02
1.796870822494392144e+02
1.635195436022105469e+02
1.476869021419557839e+02
1.322533133944074564e+02
1.172874617020760866e+02
1.028632490661623535e+02
8.905917592134822769e+01
7.595914280465692059e+01
6.365251348278231802e+01
5.223402169452763388e+01
4.180433078173449957e+01
3.246976012381310994e+01
2.434283772003831103e+01
1.754201700601527136e+01
1.219216235438510232e+01
8.424188185040833332e+00
6.375400310247489877e+00
6.189363581885001686e+00
8.015690897503946033e+00
1.201012157959531734e+01
1.833408950216091426e+01
2.715462918023878558e+01
3.864372167788465617e+01
5.297814078389889403e+01
7.033834215096318587e+01
9.090832377750264470e+01
1.148740110527600535e+02
1.424229245261276446e+02
1.737424228089555811e+02
2.015059084648788712e+02
2.084900997920867098e+02
1.991783242462890087e+02
1.902915190172070936e+02
1.818072325946326657e+02
1.737413832513099123e+02
1.661101517311322482e+02
1.497767292927378264e+02
1.338004345029648903e+02
1.183939934260589553e+02
1.036182736126926329e+02
8.953623504975416836e+01
7.621349922585227432e+01
6.371765761934963024e+01
5.211869479186847087e+01
4.148871837788405514e+01
3.190162305043479662e+01
2.343348491753801710e+01
1.616184332175864213e+01
1.016583577466925092e+01
5.525827573937718284e+00
2.323263872503177563e+00
6.403329666712422874e-01
5.596195917993860292e-01
2.163770422477913957e+00
5.535122613731320307e+00
1.075522628209460407e+01
1.790436817716038576e+01
2.706102992876700242e+01
3.830145719082013755e+01
5.169872694295046500e+01
6.732271590892835889e+01
8.523864361922477428e+01
1.056999830106026792e+02
1.283999736020502667e+02
1.535562827870991498e+02
1.812101230827682627e+02
1.986343800155889596e+02
1.828790045516043961e+02
1.675240158494802643e+02
1.526046361221858376e+02
1.381571883068085640e+02
1.242185960905140831e+02
1.108263690872899048e+02
9.801852588461952109e+01
8.583367328331434010e+01
7.431063702364779999e+01
6.348854356072925498e+01
5.340671822694690007e+01
4.410448148891744324e+01
3.562102038182551667e+01
2.799547969406749459e+01
2.126638849753441107e+01
1.547187024447608472e+01
1.064933263671879260e+01
6.835304498553984587e+00
4.065290434603254788e+00
2.373522840361192099e+00
1.792871541977265171e+00
2.354451481762799059e+00
4.087656350771389668e+00
7.019742395934498447e+00
1.117570208621203953e+01
1.657802571801780189e+01
2.324652392213021201e+01
3.119804124241952437e+01
4.044630086510208855e+01
5.100171016964662130e+01
6.287088309173256562e+01
7.605691813634562948e+01
9.055888665945525418e+01
1.063718076297046622e+02
1.234861943913004012e+02
1.418884809170841379e+02
1.363190654951923477e+02
1.251812757270966898e+02
1.144494901717042268e+02
1.041432036247057624e+02
9.428159479399951692e+01
8.488362919948059471e+01
7.596802258701288224e+01
6.755333163914849592e+01
5.965729124683245743e+01
5.229773605178772300e+01
4.549172673406056333e+01
3.925571891855808815e+01
3.360573765377869648e+01
2.855695313100990163e+01
2.412380921128159628e+01
2.031997619260860333e+01
1.715829777721678440e+01
1.465054577277025949e+01
1.280758133409172039e+01
1.163906872497070033e+01
1.115371240897366967e+01
1.135885351185448222e+01
1.226066241293428760e+01
1.386395556473304680e+01
1.617220138632256976e+01
1.918744239631850945e+01
2.291032008521857932e+01
2.733988473210321146e+01
3.247362089508691696e+01
3.830757956845889822e+01
4.483602491193029493e+01
5.205181696169823624e+01
5.994599098770041223e+01
6.850801743182735493e+01
7.772561742255908257e+01
8.758521965270597320e+01
9.807128411384969979e+01
1.091665957563430567e+02
1.208529382308850728e+02
1.331097712007052394e+02
1.459158430904820989e+02
1.592479036682433104e+02
1.730816981084679469e+02
1.873914496350009244e+02
2.021501623194870376e+02
2.173298279853879649e+02
2.329014056859897721e+02
2.488349651104136058e+02
2.650995267793711037e+02
2.816634566344892505e+02
2.984944520134282016e+02
3.155598152097799698e+02
3.328263931357274146e+02
3.502609515398628446e+02
3.678297656164992304e+02
3.854994189787123560e+02
4.032363725559154659e+02
4.210073820870756549e+02
4.387795541521834366e+02
4.565207294083999727e+02
4.741988253974338932e+02
4.917829433880083911e+02
5.092426742587446142e+02
5.265482650129557669e+02
5.436717572641782681e+02
5.605855513820213218e+02
5.772633108023388786e+02
5.936801751011494162e+02
6.098124180558045282e+02
6.256379300738608435e+02
6.411355641121152757e+02
6.337799973785926113e+02
6.244674716110101826e+02
6.161680788623043554e+02
6.089253455517078919e+02
6.027820477950684790e+02
5.977846352945429089e+02
5.939801848781692115e+02
5.914163820631468980e+02
5.901427349812529428e+02
5.902103357286370056e+02
5.916691431654463713e+02
5.945721043400739063e+02
5.989700279336434505e+02
6.049151685085694226e+02
6.124599379878064838e+02
6.197269300869975268e+02
5.935636688060194501e+02
5.678271886087763960e+02
5.426214081725230471e+02
5.180594971657534415e+02
4.942583544587793654e+02
4.713436468604029415e+02
4.494453690857690162e+02
4.286990930495709335e+02
4.092444746017166040e+02
3.912249429848149020e+02
3.747858930410693574e+02
3.600755823048421007e+02
3.472422355444895743e+02
3.364339809421493896e+02
3.277964525972442971e+02
3.214727707585107623e+02
3.176011437124922736e+02
3.163142575761481794e+02
3.177374600053886979e+02
3.219866444923556514e+02
3.291684988951091668e+02
3.393772703941050395e+02
3.243833616110774756e+02
3.129961500633729088e+02
3.059586091160502406e+02
3.034187769774500225e+02
3.055027464863483146e+02
3.123148375715529141e+02
3.239367833293673584e+02
3.404270640241778665e+02
3.618220723654351332e+02
3.881359233358900838e+02
4.193608867065971140e+02
4.554693061016260458e+02
4.743604498578829407e+02
4.472678763620536984e+02
4.204083378308969827e+02
3.938387076886018008e+02
3.676185527629743319e+02
3.418088044004170456e+02
3.164737118946554233e+02
2.916769925174265268e+02
2.674860989163670979e+02
2.439683247809838349e+02
2.211926257386099337e+02
1.992277933978128601e+02
1.781433537674177501e+02
1.580086275662520165e+02
1.388924357039736321e+02
1.208626794731192717e+02
1.039862363508401017e+02
8.739348557450266242e+01
6.828019479378809820e+01
5.125110317876105626e+01
3.644908594489431408e+01
2.401159632636179353e+01
1.407029111529900334e+01
6.750192270356770941e+00
2.168027073380980330e+00
4.322359944585226210e-01
1.641663500659750641e+00
5.885134087347112519e+00
1.197237514210523202e+01
1.476774438737516526e+01
1.927406502327482585e+01
2.548946337889764280e+01
3.340572036325428229e+01
4.300721272962179853e+01
5.427160198520986256e+01
6.716982383285743197e+01
8.166582478828273395e+01
9.771684128914812106e+01
1.152736639660276126e+02
1.342814577757111181e+02
1.546784067207553335e+02
1.763978023229738881e+02
1.993678874397958793e+02
2.235120406021104316e+02
2.487490016060290827e+02
2.649783991599180695e+02
2.499856446543575146e+02
2.355987792901773048e+02
2.218863638537298755e+02
2.089177171191456353e+02
1.967624582076951754e+02
1.854910640744358261e+02
1.751726696587743959e+02
1.658778235018367297e+02
1.576749205342673008e+02
1.506321124620346552e+02
1.448159576629011269e+02
1.402909895029143001e+02
1.371201855074057505e+02
1.353637920305925206e+02
1.350793003817454121e+02
1.363213896473298803e+02
1.391408075196715401e+02
1.435854695340567559e+02
1.496986716941570705e+02
1.575196021084184395e+02
1.670831714420756384e+02
1.784196386507672401e+02
1.915540545494280025e+02
2.065070719762979934e+02
2.232932426697885262e+02
2.419233578228223109e+02
2.624014940763671007e+02
2.847269285056250965e+02
3.088938011074218366e+02
3.348905645355716842e+02
3.374933243850218787e+02
3.220438175530892408e+02
3.092601526455410976e+02
2.991864333520041441e+02
2.918602581573479142e+02
2.873144894695604989e+02
2.855777052333902475e+02
2.866725388817372391e+02
2.906186521697422904e+02
2.974300877877457197e+02
3.071162683650601934e+02
3.196825975849306474e+02
3.351309937930230376e+02
3.534585727438383174e+02
3.746581575935214801e+02
3.987200168125369260e+02
4.256298963037923500e+02
4.553701759326059459e+02
4.879201544945589717e+02
5.232563268474251572e+02
5.613504630624653373e+02
5.307625962221998179e+02
4.991282971209885204e+02
4.682498389610691447e+02
4.381906422186411305e+02
4.090148891365370787e+02
3.807846777472188364e+02
3.535604641922608948e+02
3.274029215305105822e+02
3.023689559052349978e+02
2.785154306138554716e+02
2.558966933389471023e+02
2.345650903536484861e+02
2.145709173577777165e+02
1.959624742846676213e+02
1.787855381195370228e+02
1.630836742819016081e+02
1.488979772651579196e+02
1.362667815292589069e+02
1.252263932772007706e+02
1.158099607556729751e+02
1.080481970848695852e+02
1.019694085535460459e+02
9.759853126678021340e+01
9.495839225990673071e+01
9.406944670186500446e+01
9.494871250439372545e+01
9.761076433508732464e+01
1.020677735546374976e+02
1.083291868388865424e+02
1.164020129795773073e+02
1.262906549740600184e+02
1.379970750793072511e+02
1.515204079524713165e+02
1.668585827904715302e+02
1.840058514202966933e+02
2.029555803003716790e+02
2.236974865164774258e+02
2.462207296071029248e+02
2.705116128770829391e+02
2.965539408736381120e+02
3.243312353274369570e+02
3.538237419452571544e+02
3.850107412340673250e+02
4.178704366190419250e+02
4.523773647463022485e+02
4.885065553985393194e+02
5.262310760929666458e+02
5.655225934090693727e+02
6.063516450682500363e+02
6.486870261537753777e+02
6.924969118215752815e+02
7.377480985661090926e+02
7.856041110269165983e+02
8.337376820187973863e+02
8.832104568824902344e+02
9.339857158147128757e+02
9.860263797526068856e+02
1.039293814572382644e+03
1.093749119594111335e+03
1.149353369598010659e+03
1.206066528491938016e+03
1.263848525815573794e+03
1.322657148765493730e+03
1.382454169329242177e+03
1.443195800350292529e+03
1.504841383067140441e+03
1.512516534731492129e+03
1.501875985739384987e+03
1.489608515186549084e+03
1.475694879691650385e+03
1.460115111348478422e+03
1.442865769560808985e+03
1.423949805492846508e+03
1.403384252364044642e+03
1.381194148859616462e+03
1.357419344341662736e+03
1.332111256090328652e+03
1.305334107181320633e+03
1.277167177267249372e+03
1.247703019032343946e+03
1.217047810250766361e+03
1.185322664642566906e+03
1.152367441171924384e+03
1.118913897501850442e+03
1.084838706738017208e+03
1.050319710934840032e+03
1.015546642213039490e+03
9.807210335473603209e+02
9.460569333146652298e+02
9.117775242624213661e+02
8.781151411954407422e+02
8.453101072581875997e+02
8.136085484486575297e+02
7.832601760887193905e+02
7.545193580415663064e+02
7.276399468986775219e+02
7.028751137702657843e+02
6.804757212685659624e+02
6.606868989491209732e+02
6.437485715393801229e+02
6.298893791590926412e+02
6.193306743492786381e+02
6.122790138041358432e+02
6.089277716662061266e+02
6.094559913705459167e+02
6.140238553385330533e+02
6.227753245810160934e+02
6.358338710181953957e+02
6.533049506004133491e+02
6.752711623678313799e+02
7.017941237097981002e+02
7.329162343984424979e+02
7.686562812562074214e+02
8.090135354445426401e+02
8.539643008629720953e+02
9.034652202949048387e+02
9.574558576707970587e+02
1.015850221319694697e+03
1.078550033808916396e+03
1.145436500102633090e+03
