4.622985832559220437e-08
1.380335939990027379e-07
3.480452319433509777e-07
7.754483932667377882e-07
1.571914632724678051e-06
2.957537057710449854e-06
5.238874043845447204e-06
8.829097709898660388e-06
1.427024128572011345e-05
2.225753484478230069e-05
3.366583446000629906e-05
4.957811234851061352e-05
7.131602975296585803e-05
1.004725565698522680e-04
1.389466414262984493e-04
1.889799295392994899e-04
2.531954604892969803e-04
3.346384497548852478e-04
4.368190040051598308e-04
5.637568478471585839e-04
7.200280289749016321e-04
9.108135147924388293e-04
1.141949805498402746e-03
1.419981491864065167e-03
1.752215453978156175e-03
2.146777335743501464e-03
2.612669551790566553e-03
3.159831373276487509e-03
3.799200348730501914e-03
4.542776417316517386e-03
5.403686855767791258e-03
6.396253017532407999e-03
7.536060022389098195e-03
8.840026282557556306e-03
1.032647560615564813e-02
1.201521212857365947e-02
1.392759334609503831e-02
1.608660918050463726e-02
1.851695855701310581e-02
2.124513073897672799e-02
2.429948461744238855e-02
2.771033250090960270e-02
3.151002479533709238e-02
3.573303260649519225e-02
4.041603584357721102e-02
4.559801290266125157e-02
5.132032390074877520e-02
5.762680647617685059e-02
6.456385982651280386e-02
7.218054455595990238e-02
8.052866837482625106e-02
8.966288529648733241e-02
9.964078230778528056e-02
1.105229786591732655e-01
1.223732265110840101e-01
1.352584940552926940e-01
1.492490760133891869e-01
1.644186785854403754e-01
1.808445268544043860e-01
1.986074428988847118e-01
2.177919768825431479e-01
2.384864519816203565e-01
2.607831325499451736e-01
2.847782476475607671e-01
3.105721299880074282e-01
3.382693049397624829e-01
3.679785651105794697e-01
3.998131021749989356e-01
4.338905666298740749e-01
4.703331699843846248e-01
5.092677657221175158e-01
5.508259805973894085e-01
5.951442294032798230e-01
6.423638861226450558e-01
6.926312457741441442e-01
7.460977779165584023e-01
8.029200386489965258e-01
8.632598564609047509e-01
9.272843481246499930e-01
9.951660083406399515e-01
1.067082798500182728e+00
1.143218149489766633e+00
1.223761082385436350e+00
1.308906249598578153e+00
1.398853984847445941e+00
1.493810361633440609e+00
1.593987097586602175e+00
1.699601891313373248e+00
1.810878188278909340e+00
1.928045230251062891e+00
2.051338218306523853e+00
2.180998247452474725e+00
2.317272324532770433e+00
2.460413259647832085e+00
2.610679826654427771e+00
2.768336600705985528e+00
2.933654204980547409e+00
3.106908784789811584e+00
3.288382591744053229e+00
3.478363122990867140e+00
3.677144058782366720e+00
3.885024223528755982e+00
4.102308374361678389e+00
4.329306295701709217e+00
4.566333432025513339e+00
4.813709935494592251e+00
5.071761277435970605e+00
5.340818099125207219e+00
5.621215336585342115e+00
5.913292671089804386e+00
6.217394446168116318e+00
6.533868704377213454e+00
6.863067756927156537e+00
7.205347751396879552e+00
7.561068017172445366e+00
7.930591506590884521e+00
8.314283652394044211e+00
8.712512662734946289e+00
9.125649498868677156e+00
9.554066694624053113e+00
9.998137902660106491e+00
1.045823929253808515e+01
1.093474662838147538e+01
1.142803672300170348e+01
1.193848613592422403e+01
1.246647129353336325e+01
1.301236711286773939e+01
1.357654717197497085e+01
1.415938341192793715e+01
1.476124461805164501e+01
1.538249681612927589e+01
1.602350159618578118e+01
1.668461761772145380e+01
1.736619724018541788e+01
1.806858729251223039e+01
1.879212853038258757e+01
1.953715426408951217e+01
2.030399003341839403e+01
2.109295306822910732e+01
2.190434985179048866e+01
2.273847895508853156e+01
2.359562498919209617e+01
2.447606322328096340e+01
2.538005434152839257e+01
2.630784514398769858e+01
2.725966810192950618e+01
2.823574237864780656e+01
2.923626482783915037e+01
3.026142019615810952e+01
3.131137234599144392e+01
3.238626418047750377e+01
3.348621987184230875e+01
3.461133993450744128e+01
3.576170323207065138e+01
3.693736375855908705e+01
3.813835159051964041e+01
3.936466822407367516e+01
4.061628917484386392e+01
4.189316041477300701e+01
4.319519911090728215e+01
4.452229022362291033e+01
4.587428853562664699e+01
4.725101334200772385e+01
4.865225024402143106e+01
5.007774822577012941e+01
5.152722116461659851e+01
5.300034231086083736e+01
5.449673509632535229e+01
5.601602013253636869e+01
5.755773797985545315e+01
5.912140169234547926e+01
6.070647632327718668e+01
6.231238330395834168e+01
6.393850089900178801e+01
6.558409035208427440e+01
6.724856171406753447e+01
6.893108325459564867e+01
7.063083882383810419e+01
7.234695846276029840e+01
7.407852025770411331e+01
7.582455287613714745e+01
7.758402821654347292e+01
7.935569022037618936e+01
8.113874640097016311e+01
8.293183460148600261e+01
8.473371012382226297e+01
8.654306994002084252e+01
8.835854853313259127e+01
9.017872819065907208e+01
9.200213248592106652e+01
9.382722774845127844e+01
9.565241927191136995e+01
9.747563443964222074e+01
9.929598393657144584e+01
1.011112963900462347e+02
1.029197495805937308e+02
1.047194516058411153e+02
1.065084695536152992e+02
1.082847988312782519e+02
1.100463788693765821e+02
1.117911110636796508e+02
1.135168198256192795e+02
1.152212863547103012e+02
1.169022372371232024e+02
1.185564167904293242e+02
1.201832770135546156e+02
1.217794976570120866e+02
1.233426181789460969e+02
1.248701175448266696e+02
1.263594436322168804e+02
1.278080087249414021e+02
1.292131765511162769e+02
1.305722791383090566e+02
1.318826309836572932e+02
1.331415132031159203e+02
1.343461795856809431e+02
1.354938844057475364e+02
1.365818533681756151e+02
1.376073277925556511e+02
1.385675288853021812e+02
1.394597205281444587e+02
1.402811517859983041e+02
1.410291324326290123e+02
1.417010024815472775e+02
1.422941726220809642e+02
1.428061125552048054e+02
1.432344001964576137e+02
1.435767172663281883e+02
1.438308988451500170e+02
1.439949580383929799e+02
1.440671114006440234e+02
1.440458319272209735e+02
1.439299035385085404e+02
1.437184676100445415e+02
1.434111189038953000e+02
1.430079643189754677e+02
1.425097432499241847e+02
1.419179141978928556e+02
1.412348128194506387e+02
1.404637442822607909e+02
1.396091673922486791e+02
1.386767722260606206e+02
1.376736283144715287e+02
1.366081631557005949e+02
1.354901749212344271e+02
1.343305962490703394e+02
1.331411927304988012e+02
1.319340712992701299e+02
1.307209720697092337e+02
1.295127580511499445e+02
1.283187706075631240e+02
1.271465052615617424e+02
1.260016070222605293e+02
1.248881254767083959e+02
1.238090292207152316e+02
1.227667590448546378e+02
1.217636745797655919e+02
1.208025086449483609e+02
1.198858615413174391e+02
1.190170556202630792e+02
1.181994744953613861e+02
1.174366571533855677e+02
1.167323352807288614e+02
1.160905054065915465e+02
1.155154631795263640e+02
1.150117348533259189e+02
1.145837951763023597e+02
1.142356620481647838e+02
1.139703549238115556e+02
1.137900052888659417e+02
1.136934919508370569e+02
1.136796931171071066e+02
1.137457361937133413e+02
1.138880232213108741e+02
1.141027082383006359e+02
1.143861165617379925e+02
1.147349517969572759e+02
1.151463605259168332e+02
1.156178955387691900e+02
1.161474016537967486e+02
1.167330059347252558e+02
1.173731731956357720e+02
1.180669024053439529e+02
1.188157102723398424e+02
1.196173762689430760e+02
1.204762157233114692e+02
1.213966956534546284e+02
1.223849416809839994e+02
1.234481026794166354e+02
1.245932188505308318e+02
1.258256278031234103e+02
1.271475599822311011e+02
1.285572666156368200e+02
1.300492199706288545e+02
1.316151396038350754e+02
1.332455672192274392e+02
1.349312841332103972e+02
1.366643947886581714e+02
1.384387659855100878e+02
1.402499943610480955e+02
1.420950196490376243e+02
1.439769721135951102e+02
1.458825166901784485e+02
1.478139119174009579e+02
1.497670184336678574e+02
1.517365185302875261e+02
1.537162363926368300e+02
1.556995606756742632e+02
1.576801659593906493e+02
1.596528219452928568e+02
1.616142702043752593e+02
1.635642770003846920e+02
1.655069454642429605e+02
1.674521515870758037e+02
1.694170164315116551e+02
1.714267546345347171e+02
1.735133160960347425e+02
1.757104332715850887e+02
1.780450100053158451e+02
1.805279912440767021e+02
1.831504308337526652e+02
1.858871834264135714e+02
1.887057017729614756e+02
1.915746601563250806e+02
1.944692602627939664e+02
1.973731880385208228e+02
2.002784854548412170e+02
2.031843672185504204e+02
2.060957189340248590e+02
2.090211027060669835e+02
2.119703562570688291e+02
2.149520405106318890e+02
2.179706383720533438e+02
2.210248335416772534e+02
2.241069462133234254e+02
2.272038659898447861e+02
2.302989426621684572e+02
2.333742635313649032e+02
2.364125085781948599e+02
2.393982456263615006e+02
2.423184877598917240e+02
2.451625136017956095e+02
2.479212988433357339e+02
2.505866773634475351e+02
2.531502596755641150e+02
2.556027318305793301e+02
2.579340047484441243e+02
2.601354446662960527e+02
2.622062487907184618e+02
2.641677887769083100e+02
2.660916635719751753e+02
2.681386251000283778e+02
2.705744713194508222e+02
2.736672730773962599e+02
2.774776814659654747e+02
2.818034265610538682e+02
2.863607409482033290e+02
2.909387849713210699e+02
2.954209432620817779e+02
2.997529019796151033e+02
3.039134481665995509e+02
3.078985931500660058e+02
3.117156039174505509e+02
3.153831655279378765e+02
3.189359629134661986e+02
3.224311467742336390e+02
3.259548742467536044e+02
3.296059303509501319e+02
3.334840887881854314e+02
3.376410304367838080e+02
3.420557540642798813e+02
3.466438814559522825e+02
3.512935582734367017e+02
3.558994203112451942e+02
3.603789842366149969e+02
3.646750427005270012e+02
3.687519112968395802e+02
3.725910169341738651e+02
3.761880530519855483e+02
3.795519368756588960e+02
3.827046805384394474e+02
3.856810913512360912e+02
3.885258760195387140e+02
3.912864422922174299e+02
3.940004420716770142e+02
3.966805668767988777e+02
3.993181255749900060e+02
4.018241033492636234e+02
4.041243805456652467e+02
4.061162525747454879e+02
4.076991869629113694e+02
4.088016156542776685e+02
4.094506016028208251e+02
4.099598930825899288e+02
4.112451278354625970e+02
4.145651810737992946e+02
4.199997361518530852e+02
4.263745581794153168e+02
4.327754470034583392e+02
4.388716922257598299e+02
4.446155463911023276e+02
4.500464791815677472e+02
4.552130749855974159e+02
4.601440500921451644e+02
4.648397547605263185e+02
4.692740315270841052e+02
4.734023299548341015e+02
4.771733210554658626e+02
4.805454089260745150e+02
4.835157573786619309e+02
4.861299471263073428e+02
4.887764184047821345e+02
4.920446381439429615e+02
4.967035129759271399e+02
5.030020547573154772e+02
5.103976125051433996e+02
5.181487100069730332e+02
5.257738101425109107e+02
5.330509032792282369e+02
5.398985086922614300e+02
5.462956766416423307e+02
5.522438055291914907e+02
5.577502499825175164e+02
5.628224463601874277e+02
5.674662958885234048e+02
5.716873276055387123e+02
5.754949562019284031e+02
5.789107257168867591e+02
5.819840712208637115e+02
5.848197712675013236e+02
5.876175196537774355e+02
5.907056606795970310e+02
5.945057673325258065e+02
5.993595066961153179e+02
6.053074282245163431e+02
6.120708414605010148e+02
6.192570117417535585e+02
6.265425762073676879e+02
6.337237005168115047e+02
6.406913212826276549e+02
6.473945428084570040e+02
6.538139900142774650e+02
6.599466598604955152e+02
6.657975629488206550e+02
6.713761513490986772e+02
6.766955524928685008e+02
6.817734273923867931e+02
6.866350879790599038e+02
6.913187927207745815e+02
6.958837178728178969e+02
7.004201265436493031e+02
7.050604421534419544e+02
7.099843305721309434e+02
7.153995756914350750e+02
7.215048595119793617e+02
7.284213246138746172e+02
7.361481384758736795e+02
7.445719078274237290e+02
7.535207447749930907e+02
7.628222028561908701e+02
7.723367312363953943e+02
7.819650943772431901e+02
7.916434513035164855e+02
8.013338688412708279e+02
8.110160844052937819e+02
8.206808813998032974e+02
8.303265384061797931e+02
8.399556760219915077e+02
8.495734854637972830e+02
8.591868767190820790e+02
8.688039491731601629e+02
8.784333030913409175e+02
8.880922776967798882e+02
8.977733506030292574e+02
9.074933945383658056e+02
9.172609111411852609e+02
9.270839268726938371e+02
9.369696706824287276e+02
9.469244732559719750e+02
9.569535209392656725e+02
9.670607928510356714e+02
9.772490120374135358e+02
9.875195127019694610e+02
9.978722627222786059e+02
1.008305974030615971e+03
1.018818221070272102e+03
1.029405781838335315e+03
1.040064639656389090e+03
1.050790346198317366e+03
1.061578610323082557e+03
1.072425285619822262e+03
1.083327099743711415e+03
1.094281925889187050e+03
1.105289099443574287e+03
1.116350114278929595e+03
1.127468741796430550e+03
1.138651784918239400e+03
1.149941876801080525e+03
1.161287262442386236e+03
1.172735761437092606e+03
1.184306275379951330e+03
1.196019738998546472e+03
1.207897924265741722e+03
1.219962335314115307e+03
1.232231933329894218e+03
1.244721547150042397e+03
1.257440111773119952e+03
1.270388991971631867e+03
1.283561405772642502e+03
1.296942656114762940e+03
1.310510565120208412e+03
1.324237057541701688e+03
1.338089925168230366e+03
1.352034675181915873e+03
1.366036357963307182e+03
1.380061412519535224e+03
1.394078643362965295e+03
1.408060405735154063e+03
1.421983494391515478e+03
1.435829520484471686e+03
1.449585438225708685e+03
1.463243784961571464e+03
1.476802761279758670e+03
1.490266336185548425e+03
1.503644119693805806e+03
1.516950744705288116e+03
1.530205400737722357e+03
1.543430314255621170e+03
1.556649638220817678e+03
1.570049754280119942e+03
1.583329329101757821e+03
1.596663028469948586e+03
1.610058907627892722e+03
1.623515583823286079e+03
1.637021635192307713e+03
1.650555404258302133e+03
1.664086029798223308e+03
1.677575395025207627e+03
1.690980027868145498e+03
1.704253097879239704e+03
1.717347311763136986e+03
1.730216396034523768e+03
1.742816397185019241e+03
1.755107159704929018e+03
1.767052511813385536e+03
1.778621266754797944e+03
1.789787274652658880e+03
1.800529340610034069e+03
1.810831321338670023e+03
1.820681942051171063e+03
1.830074194755040935e+03
1.839004874159886413e+03
1.847473608959387320e+03
1.855481492797810688e+03
1.863029617849873603e+03
1.870116819740595020e+03
1.876737252336964048e+03
1.882877647453688041e+03
1.888514167772307019e+03
1.893609337839244290e+03
1.898111573724431764e+03
1.901942460561944245e+03
1.905007727519907803e+03
1.907184404572140920e+03
1.908319834587912737e+03
1.908228098157975182e+03
1.906690282980727716e+03
1.903472064079865731e+03
1.898394645142787795e+03
1.891588182502965992e+03
1.884244192681240065e+03
1.880149195007179742e+03
1.885470682309796757e+03
1.901834598766383806e+03
1.923811871988825487e+03
1.946435039344898769e+03
1.967721807493824372e+03
1.987229442152789261e+03
2.005020634112451262e+03
2.021280811637163652e+03
2.036201424161542718e+03
2.049947553530799269e+03
2.062653114670325067e+03
2.074421339673334387e+03
2.085326857780416503e+03
2.095416639063016646e+03
2.104717535344405860e+03
2.113200849016993288e+03
2.120827418184460385e+03
2.127508512579709532e+03
2.133103229281020504e+03
2.137400562884651208e+03
2.140090917098922091e+03
2.140716612543728843e+03
2.138584557410619254e+03
2.132614007939215298e+03
2.121117284223597835e+03
2.102094117475468920e+03
2.081045786947567649e+03
2.098422486887963260e+03
2.149632929791320294e+03
2.197702833027617999e+03
2.238872447596045276e+03
2.274998857329875591e+03
2.307558726573436616e+03
2.337479847574137239e+03
2.365343035384146333e+03
2.391517712041412324e+03
2.416242988952818905e+03
2.439671028019102778e+03
2.461894967224467564e+03
2.482965739527151982e+03
2.502901309725547890e+03
2.521693164504148626e+03
2.539308127339603743e+03
2.555688322535097541e+03
2.570747552853315028e+03
2.584333858575095746e+03
2.596323982374760817e+03
2.606463146634273016e+03
2.614411679764778000e+03
2.619668396205678619e+03
2.621460449203393182e+03
2.618521087291790082e+03
2.608590065634110942e+03
2.587138353053858282e+03
2.544291734781163996e+03
2.497373697548209748e+03
2.585502715678124787e+03
2.666744602642259451e+03
2.728100268993510781e+03
2.778813422593344058e+03
2.823114384937807699e+03
2.863121613234138749e+03
2.900027928168681683e+03
2.934569433269723049e+03
2.967234379623242148e+03
2.998366425160302697e+03
3.028219961830118336e+03
3.056990627071792915e+03
3.084831394263233960e+03
3.111861715175706195e+03
3.138169404756748463e+03
3.163809796147746965e+03
3.188803768018296068e+03
3.213134156173446172e+03
3.236743666928916355e+03
3.259532981597493290e+03
3.281361173238511128e+03
3.302047135682083535e+03
3.321375281874592474e+03
3.339107642718202897e+03
3.355016736416084768e+03
3.368968077103859741e+03
3.381126648634428875e+03
3.392432447830533420e+03
3.405263134205772076e+03
3.424968082999510898e+03
3.456614288133554510e+03
3.500826504489698891e+03
3.552983457918574913e+03
3.608037341949471283e+03
3.663054101270597130e+03
3.716801336378784981e+03
3.768899089947945868e+03
3.819317738374685177e+03
3.868155388843176752e+03
3.915543278203389491e+03
3.961610274896770534e+03
4.006471195345554406e+03
4.050223947336045057e+03
4.092949722300432768e+03
4.134715560934808309e+03
4.175575613566110405e+03
4.215577363956224872e+03
4.254750832372239529e+03
4.293128108667629022e+03
4.330733197043706241e+03
4.367585918326112733e+03
4.403703315503234990e+03
4.439099450445593902e+03
4.473787392291085780e+03
4.507778013498443215e+03
4.541081319785413143e+03
4.573706548528638450e+03
4.605661394937747900e+03
4.636952756771885106e+03
4.667586548639432294e+03
4.697568773059585510e+03
4.726903527672674500e+03
4.755595889615042324e+03
4.783650281264101977e+03
4.811072450500851119e+03
4.837869076520850285e+03
4.864049220777041228e+03
4.889624443966961735e+03
4.914610098261878193e+03
4.939026487202993849e+03
4.962898366197040559e+03
4.986257288138279364e+03
5.009141205587455261e+03
5.031595249313892964e+03
5.053671874153271347e+03
5.075431364282348113e+03
5.096941059880924513e+03
5.118280761234254896e+03
5.139519121176787849e+03
5.160745332434074044e+03
5.182045872578597482e+03
5.203506884425254611e+03
5.225212164351674801e+03
5.247238490495241422e+03
5.269653414416833584e+03
5.292509372205621730e+03
5.315841923419972773e+03
5.339663784273683632e+03
5.363962317818817610e+03
5.388697086166929694e+03
5.413798101307158504e+03
5.439166782433622757e+03
5.464677626619868533e+03
5.490183641487438763e+03
5.515523602614814990e+03
5.540530687506938193e+03
5.565043694125867660e+03
5.588918043174080594e+03
5.612037537291636909e+03
5.634322456719930415e+03
5.655736528997374990e+03
5.676289163276270301e+03
5.696034762338912515e+03
5.715068867191846039e+03
5.733521602948442705e+03
5.751551042663449152e+03
5.769333998686395717e+03
5.787059835715668669e+03
5.804921696962977876e+03
5.823109062829676986e+03
5.841801607023835459e+03
5.861161910666160111e+03
5.881329018242034181e+03
5.902413766940003370e+03
5.924575885355078753e+03
5.947698378463788686e+03
5.971872119560130159e+03
5.997074555482346113e+03
6.023253593860759793e+03
6.050330800844220903e+03
6.078205842885151469e+03
6.106760378947268691e+03
6.135862350518639687e+03
6.165369151756612155e+03
6.195133202890013308e+03
6.225005365120034185e+03
6.254840352641655954e+03
6.284502320261733985e+03
6.313869818390982800e+03
6.342841261819122337e+03
6.371336399836573946e+03
6.399299665325829665e+03
6.426695374367043769e+03
6.453505145515627191e+03
6.479720724319840883e+03
6.505333270386849108e+03
6.530328381351803728e+03
6.554680324215060864e+03
6.578348169962832799e+03
6.601277123239241519e+03
6.623403525594344501e+03
6.644660711135329620e+03
6.664986286807319630e+03
6.684332286465875768e+03
6.702673272046813508e+03
6.720677255318030802e+03
6.737095836115092425e+03
6.752660892437215807e+03
6.767524000948477806e+03
6.781887433620702723e+03
6.795992748543291782e+03
6.810092238171822828e+03
6.824407901377669077e+03
6.839084209008321523e+03
6.854155003753721758e+03
6.869552261077177718e+03
6.885192766358201879e+03
6.901168825343603203e+03
6.918073932328789851e+03
6.937454356395058312e+03
6.962176032243210102e+03
6.996829484449673146e+03
7.043409705735773969e+03
7.103083812898085853e+03
7.173026427896846144e+03
7.248896031816564573e+03
7.326807615092054220e+03
7.404133933884935686e+03
7.479334323292656336e+03
7.551593646270382123e+03
7.620517616771819121e+03
7.685944145054799264e+03
7.747831788058194434e+03
7.806202506501180324e+03
7.861109433473913668e+03
7.912621275212378350e+03
7.960815032089220949e+03
8.005770620260414944e+03
8.047572120046723285e+03
8.086307551167550628e+03
8.122075148437763346e+03
8.154988501883991376e+03
8.185194362809105769e+03
8.212897518977490108e+03
8.238399232687939730e+03
8.262164267038961043e+03
8.284918354215038562e+03
8.307777678145588652e+03
8.332384632171966587e+03
8.360971139842420598e+03
8.396179464993776492e+03
8.440497759941108598e+03
8.495427551951541318e+03
8.560912569915120912e+03
8.635492923045221687e+03
8.717044499053834443e+03
8.803518121905110092e+03
8.893328352124723096e+03
8.985407021896440710e+03
9.079096679170341304e+03
9.174002001727170864e+03
9.269929040924100264e+03
9.366486428630438240e+03
9.463444620906982891e+03
9.560389560156148946e+03
9.656766279894298350e+03
9.751874611868741340e+03
9.844894131212062348e+03
9.934941630976774832e+03
1.002115622082903792e+04
1.010280087885539797e+04
1.017936162041686475e+04
1.025062018496550991e+04
1.031668002555792737e+04
1.037793740801794229e+04
1.043501355553142457e+04
1.048866652199869168e+04
1.053970312077380549e+04
1.058891617930830034e+04
1.063704972612785605e+04
1.068478165108713983e+04
1.073272178901972438e+04
1.078141001136880914e+04
1.083131021614876408e+04
1.088279625218042202e+04
1.093614435851392773e+04
1.099152630800349107e+04
1.104901308375623194e+04
1.110859403696424670e+04
1.117020581375419533e+04
1.123376904121144798e+04
1.129921946402355388e+04
1.136653296251721804e+04
1.143572235267762699e+04
1.150682592974397812e+04
1.157987050549662126e+04
1.165483880881321420e+04
1.173164063518735384e+04
1.181010338915071588e+04
1.188997230646968455e+04
1.197093668895364317e+04
1.205266133781088320e+04
1.213482000110642548e+04
1.221712965459169391e+04
1.229937072247634205e+04
1.238224435394390821e+04
1.246398836482232946e+04
1.254609488379096001e+04
1.262712884899825440e+04
1.270770796484862149e+04
1.278769548640178982e+04
1.286689168685505865e+04
1.294505270019576164e+04
1.302193369307783723e+04
1.309733138169477206e+04
1.317113055619169063e+04
1.324332608578819600e+04
1.331402308481978616e+04
1.338342518771722462e+04
1.345180661444073667e+04
1.351948906332416664e+04
1.358681645057519017e+04
1.365414012977282619e+04
1.372181154338296074e+04
1.379017584733640433e+04
1.385956820108177999e+04
1.393030901860873382e+04
1.400269150793543486e+04
1.407696990991638631e+04
1.415334731517800356e+04
1.423196566672640256e+04
1.431290334454834374e+04
1.439617431673807732e+04
1.448173596815681776e+04
1.456949571723396912e+04
1.465931762348864868e+04
1.475102973948494400e+04
1.484442567897348272e+04
1.493926430666178567e+04
1.503527176214641986e+04
1.513213932202632168e+04
1.522952556894182817e+04
1.532705783066494769e+04
1.542433912142067857e+04
1.552095462210383994e+04
1.561648002446134160e+04
1.571049021582574278e+04
1.580256859251113565e+04
1.589335412376360546e+04
1.598041784494987951e+04
1.606445033495339703e+04
1.614517018191442003e+04
1.622235632609114509e+04
1.629586146507413287e+04
1.636562293069596126e+04
1.643167452892492292e+04
1.649415293681515323e+04
1.655329888783583010e+04
1.660946033219539095e+04
1.666308342615064248e+04
1.671636818299578226e+04
1.676661567405056121e+04
1.681614748057425095e+04
1.686569772551456845e+04
1.691605592662140771e+04
1.696806869532339260e+04
1.702265191222085195e+04
1.708080670333653325e+04
1.714363977518635875e+04
1.721237765361127822e+04
1.728837274359321964e+04
1.737308343046578011e+04
1.746801291031992878e+04
1.757458813044563794e+04
1.769396221794204757e+04
1.782673756531366234e+04
1.797262554701227054e+04
1.813010206428275342e+04
1.829615411616530400e+04
1.846624700219274018e+04
1.863466425752699070e+04
1.879528651512658325e+04
1.894271768927768426e+04
1.907339068241838686e+04
1.918617960028460584e+04
1.928222434537444497e+04
1.936413110434599366e+04
1.943496863946180383e+04
1.949749111237030229e+04
1.955377851672749239e+04
1.960552613725418269e+04
1.965332654352473037e+04
1.969844830060651293e+04
1.974200635833178603e+04
1.978518182214618719e+04
1.982908694339008071e+04
1.987461668100892348e+04
1.992233908848159263e+04
1.997243875521374503e+04
2.002474021325297144e+04
2.007884113123976203e+04
2.013435438385434827e+04
2.019119806614036861e+04
2.024983166036968032e+04
2.031132597247865124e+04
2.037724483345887347e+04
2.044938330787735686e+04
2.052946105230291505e+04
2.061884741482033496e+04
2.071837379130808040e+04
2.082826244662356476e+04
2.094819164354786699e+04
2.107747689874347998e+04
2.121530043802250293e+04
2.136090145939834838e+04
2.151363918233987715e+04
2.167294436381189007e+04
2.183818908257341900e+04
2.200858574849676734e+04
2.218317689399836308e+04
2.236089350294371616e+04
2.254061023293132530e+04
2.272111801098652359e+04
2.290163154618045883e+04
2.307920943562662069e+04
2.325234308634690751e+04
2.341847113365845144e+04
2.357467883454911862e+04
