4.829901385063053648e-08
1.442098205353341147e-07
3.636126976421902589e-07
8.101184944826571020e-07
1.642161489154980226e-06
3.089636034985316671e-06
5.472733322192423536e-06
9.222970568835452739e-06
1.490640643809277380e-05
2.324903030050034310e-05
3.516432217400098249e-05
5.178296616135206072e-05
7.448471126915605432e-05
1.049323646054202685e-04
1.451078989958568476e-04
1.973506897406595521e-04
2.643977981377931981e-04
3.494263798081020272e-04
4.560981154278604625e-04
5.886057154928009318e-04
7.517213737511153513e-04
9.508473682953047339e-04
1.192068405349392844e-03
1.482206291388806114e-03
1.828875983223198593e-03
2.240544244627382716e-03
2.726589437390283897e-03
3.297364116322042387e-03
3.964257917830957614e-03
4.739764529777514869e-03
5.637548055895825333e-03
6.672512128711542527e-03
7.860872237497444973e-03
9.220226331877287573e-03
1.076962936046784759e-02
1.252967111399910793e-02
1.452255052241666587e-02
1.677215558532836950e-02
1.930414563197340935e-02
2.214602928808389812e-02
2.532724980643380475e-02
2.887926884872545411e-02
3.283565517245212034e-02
3.723216354381547050e-02
4.210683012793111496e-02
4.750006167440073979e-02
5.345471674824217589e-02
6.001620821496309044e-02
6.723258915902778632e-02
7.515464397695455212e-02
8.383598558520055644e-02
9.333315096755694096e-02
1.037056855373972991e-01
1.150162536977498012e-01
1.273307206052106955e-01
1.407182611571086150e-01
1.552514408455131778e-01
1.710063198963314435e-01
1.880625650103101287e-01
2.065035089891243958e-01
2.264162863400211168e-01
2.478918911872944608e-01
2.710253074703030673e-01
2.959155960677529174e-01
3.226659399234397818e-01
3.513838357443019866e-01
3.821810620947754256e-01
4.151738820674741315e-01
4.504830798181898577e-01
4.882340480869171162e-01
5.285568535905375009e-01
5.715864089367791445e-01
6.174624551576178844e-01
6.663296669232334768e-01
7.183377495743221708e-01
7.736415973864038120e-01
8.324011314766445180e-01
8.947816026769865871e-01
9.609535712836199117e-01
1.031092951091751919e+00
1.105381057388594490e+00
1.184004740178400850e+00
1.267156310961657484e+00
1.355033772241972523e+00
1.447840646951905841e+00
1.545786137058890786e+00
1.649085116674944063e+00
1.757958168440742597e+00
1.872631704903679362e+00
1.993337668156650588e+00
2.120313947262898235e+00
2.253804039518958913e+00
2.394057167240677853e+00
2.541328428995987654e+00
2.695878410777909462e+00
2.857973488147159014e+00
3.027885435922821333e+00
3.205891871817578842e+00
3.392275918768518306e+00
3.587325583815223151e+00
3.791334854273922250e+00
4.004602505327670592e+00
4.227432843421749631e+00
4.460134920704197370e+00
4.703022795252675969e+00
4.956414955808837952e+00
5.220635088509425259e+00
5.496010927593522943e+00
5.782873915635588169e+00
6.081560481169812959e+00
6.392410370576453893e+00
6.715767289866519718e+00
7.051977739480506102e+00
7.401391668077065056e+00
7.764361656078709650e+00
8.141243281280425848e+00
8.532393252365691794e+00
8.938171330505108259e+00
9.358938248776425439e+00
9.795055568634335685e+00
1.024688702665303630e+01
1.071479487119829521e+01
1.119914212016855082e+01
1.170029160315377226e+01
1.221860509727905075e+01
1.275444270452020668e+01
1.330816188791816046e+01
1.388011917529414951e+01
1.447066701698622460e+01
1.508015499441469665e+01
1.570892771221167372e+01
1.635732460151819723e+01
1.702568220663820853e+01
1.771432779814543679e+01
1.842358404637849745e+01
1.915376563066547178e+01
1.990517919743308184e+01
2.067812246629330275e+01
2.147288329926351125e+01
2.228973966430924136e+01
2.312895859834596024e+01
2.399079540227336693e+01
2.487549046640799233e+01
2.578327547655730712e+01
2.671436175063789165e+01
2.766894993750459264e+01
2.864722282020705890e+01
2.964934597018055129e+01
3.067546784330588494e+01
3.172571792016053749e+01
3.280020625218381980e+01
3.389902220917598896e+01
3.502223223793700413e+01
3.616988389753269217e+01
3.734199871236451429e+01
3.853857463963255725e+01
3.975958484310105945e+01
4.100497637032221832e+01
4.227466945696846778e+01
4.356855597832429794e+01
4.488650108488771906e+01
4.622833825465584567e+01
4.759387221822473180e+01
4.898287638766174723e+01
5.039509136227447783e+01
5.183022424680950735e+01
5.328795400377887148e+01
5.476789953990075333e+01
5.626970411118100657e+01
5.779292382981717680e+01
5.933709159694766555e+01
6.090170732217655569e+01
6.248622683381049825e+01
6.409007954424974685e+01
6.571257035602725693e+01
6.735320164644625152e+01
6.901120906384518605e+01
7.068585996570141106e+01
7.237638862213940172e+01
7.408198448483052800e+01
7.580180052833877369e+01
7.753495414442888034e+01
7.928031759282647783e+01
8.103732030069862446e+01
8.280476823752711368e+01
8.458162303271183191e+01
8.636681018926628894e+01
8.815921173307594927e+01
8.995767671056465531e+01
9.176101978560983241e+01
9.356802108461369016e+01
9.537742731345248615e+01
9.718753862766506302e+01
9.899784028206850905e+01
1.008065832092328264e+02
1.026124050780670558e+02
1.044138907337338082e+02
1.062096172424376874e+02
1.079981379464275477e+02
1.097779635578172019e+02
1.115476139080223419e+02
1.133055730066109845e+02
1.150503215359593696e+02
1.167803161581797440e+02
1.184933349548519459e+02
1.201891553421594807e+02
1.218655697512005673e+02
1.235210236895452596e+02
1.251539713878514846e+02
1.267628668799092111e+02
1.283461793632065167e+02
1.299023916547292004e+02
1.314300041919223929e+02
1.329275469240320433e+02
1.343935706990272081e+02
1.358266630690833665e+02
1.372254547473638979e+02
1.385886110029174461e+02
1.399148533068039058e+02
1.412029452704714458e+02
1.424517306837527428e+02
1.436601016062615201e+02
1.448270273459534963e+02
1.459515535806622495e+02
1.470328135316721330e+02
1.480700333616393891e+02
1.490625258113733196e+02
1.500097086961957586e+02
1.509111201203476753e+02
1.517664058508133280e+02
1.525753290777061864e+02
1.533377918847465651e+02
1.540538193281770702e+02
1.547235759582358696e+02
1.553473846439306953e+02
1.559256961251788312e+02
1.564591346327701160e+02
1.569484624668234858e+02
1.573946161042355811e+02
1.577986774478347627e+02
1.581619110682316602e+02
1.584857322042271619e+02
1.587717207058506403e+02
1.590216119091079179e+02
1.592373120401411768e+02
1.594208801956203558e+02
1.595745080259692088e+02
1.597005631437838531e+02
1.598014847016457907e+02
1.598798955310321332e+02
1.599385207518094205e+02
1.599801768513128195e+02
1.600077889563520444e+02
1.600243436439543530e+02
1.600329005123074637e+02
1.600365719371033890e+02
1.600384940042486619e+02
1.600420382658440985e+02
1.600499487077703975e+02
1.600655872297193980e+02
1.600920701012262271e+02
1.601324740137934270e+02
1.601898185165407256e+02
1.602670477972159517e+02
1.603670247181785840e+02
1.604925187458652260e+02
1.606461764809727981e+02
1.608305534307610856e+02
1.610480625991632735e+02
1.613021901495203281e+02
1.615927138359996604e+02
1.619228266880629690e+02
1.622943976636383070e+02
1.627091569004034000e+02
1.631686976414385697e+02
1.636744590095468936e+02
1.642277429943160598e+02
1.648297337659823540e+02
1.654814611359193748e+02
1.661838287391409779e+02
1.669376328716895443e+02
1.677435243642840703e+02
1.686020774786827587e+02
1.695189419697906601e+02
1.704841507021061489e+02
1.715030785866142651e+02
1.725758900563953375e+02
1.737026658716251006e+02
1.748834232567536731e+02
1.761181282734111164e+02
1.774066441088508839e+02
1.787488201118701454e+02
1.801444367365527057e+02
1.815932438287011053e+02
1.830949398696013759e+02
1.846492003232245622e+02
1.862556702017080568e+02
1.879139774912299572e+02
1.896237153351921734e+02
1.913844974454267458e+02
1.931959056325584925e+02
1.950772171843241267e+02
1.969890815910354434e+02
1.989503103682419294e+02
2.009605108148649322e+02
2.030192558735048181e+02
2.051261576659086074e+02
2.072808481559284246e+02
2.094829657333753801e+02
2.117321463244715858e+02
2.140280674876548517e+02
2.163704157410844289e+02
2.187589319869004783e+02
2.211933350057485370e+02
2.236733822923380046e+02
2.261988602524278349e+02
2.287695826748371530e+02
2.313853780814431218e+02
2.340461237096991738e+02
2.367516642814490808e+02
2.395019282968908385e+02
2.422968465516690060e+02
2.451363489644332958e+02
2.480204092550061716e+02
2.509490221673019335e+02
2.539221806651739541e+02
2.569399046072327906e+02
2.600022166452492343e+02
2.631091606733321555e+02
2.662607752036139459e+02
2.694570963094269018e+02
2.726981811823579847e+02
2.759840698560787473e+02
2.793147758745089391e+02
2.826903485228982049e+02
2.861107659144005879e+02
2.895759963968030775e+02
2.930860365984906935e+02
2.966407584966474928e+02
3.002400827183250271e+02
3.038838372908255678e+02
3.075718445508404670e+02
3.113038203265992934e+02
3.150794825171889215e+02
3.188984645414136025e+02
3.227603121268437576e+02
3.266645652848082477e+02
3.306106247058562531e+02
3.345978472362210709e+02
3.386255140657992229e+02
3.426928837863135300e+02
3.467989818875382753e+02
3.509428622960919597e+02
3.551235082804601007e+02
3.593398011834160570e+02
3.635905508843938492e+02
3.678744872788506086e+02
3.721903278029647026e+02
3.765366487906417774e+02
3.809120466305774357e+02
3.853150876092819885e+02
3.897442244980802002e+02
3.941980056907298149e+02
3.986749230132090247e+02
4.031734906728807459e+02
4.076922452589864747e+02
4.122301202020793767e+02
4.167851483909598187e+02
4.213563387906197022e+02
4.259425387625692565e+02
4.305426534311905016e+02
4.351557199542513104e+02
4.397809130764569545e+02
4.444174608953182428e+02
4.490648133678392355e+02
4.537224822405812574e+02
4.583900717458404870e+02
4.630673987539787504e+02
4.677542545081028038e+02
4.724506681508783572e+02
4.771565764413407464e+02
4.818721406770767430e+02
4.865974297718522052e+02
4.913326057743020101e+02
4.960778793077681144e+02
5.008334175848990526e+02
5.055996608438774160e+02
5.103762576780403037e+02
5.151636466942160268e+02
5.199619988920755986e+02
5.247714185966825653e+02
5.295921080516690154e+02
5.344241989650314508e+02
5.392679277898411101e+02
5.441234353719868295e+02
5.489910467564142209e+02
5.538709875996539722e+02
5.587636189440239605e+02
5.636693550082668480e+02
5.685886230856691554e+02
5.735219559619639540e+02
5.784698828519736935e+02
5.834330696402155354e+02
5.884122024821343757e+02
5.934079232546066578e+02
5.984210869864435836e+02
6.034524174163854013e+02
6.085028025857667444e+02
6.135731077970856404e+02
6.186641879915840718e+02
6.237741330695640727e+02
6.289094083284866201e+02
6.340683464550107828e+02
6.392519230570752597e+02
6.444611370139505198e+02
6.496971182555449786e+02
6.549608921797398580e+02
6.602536779453695317e+02
6.655765939135228564e+02
6.709309385019887486e+02
6.763179068257145445e+02
6.817388838223046150e+02
6.871952403617282243e+02
6.926884469742876718e+02
6.982199964624919630e+02
7.037914183282938438e+02
7.094043526047217938e+02
7.150605921294426253e+02
7.207618648226911091e+02
7.265100259974251458e+02
7.323070865906896643e+02
7.381551117980123990e+02
7.440563367962764687e+02
7.500129906904675181e+02
7.560276727233598422e+02
7.621027952628924140e+02
7.682412636835734929e+02
7.744459712502961111e+02
7.807200672034119862e+02
7.870669677351371547e+02
7.934902470095900071e+02
7.999938073622033698e+02
8.065817158112728293e+02
8.132584896356203217e+02
8.200288077820700892e+02
8.268978426820608547e+02
8.338709704481262861e+02
8.409540541573616110e+02
8.481533401385149773e+02
8.554755040830268626e+02
8.629276886100229831e+02
8.705174178024213916e+02
8.782539805849422692e+02
8.861437693695852431e+02
8.941971112588613551e+02
9.024236761190859397e+02
9.108338580787212777e+02
9.194385875619132094e+02
9.282494725648758731e+02
9.372787242865025519e+02
9.465392012853899359e+02
9.560444833751822671e+02
9.658087324410125802e+02
9.758468324436576040e+02
9.861741894164593987e+02
9.968069214175935713e+02
1.007761644676859760e+03
1.019055422902701139e+03
1.030705833560804194e+03
1.042730642231771753e+03
1.055147855174285951e+03
1.067975562762685286e+03
1.081238549060776222e+03
1.094940572747502074e+03
1.109105351103528619e+03
1.123748793968874679e+03
1.138885762402217097e+03
1.154529329278374462e+03
1.170690773784939665e+03
1.187378697474820228e+03
1.204599071899496039e+03
1.222354493658555384e+03
1.240643712433626433e+03
1.259461355512113869e+03
1.278797410176903895e+03
1.298636975471648839e+03
1.318959956485188513e+03
1.339741096571855678e+03
1.360949715844378261e+03
1.382550356536851950e+03
1.404502726364442651e+03
1.426762614522747526e+03
1.449282714047073796e+03
1.472013145122516107e+03
1.494903110381213764e+03
1.517901815142099622e+03
1.540959754028079942e+03
1.564057224690158364e+03
1.587096851831839331e+03
1.610066687787835917e+03
1.632933152191645377e+03
1.655668456674368599e+03
1.678250557919716812e+03
1.700663076194586438e+03
1.722894437140958644e+03
1.744937685733924127e+03
1.766788806323585959e+03
1.788446015803307773e+03
1.809908690690101366e+03
1.831175842896288714e+03
1.852245528532704157e+03
1.873113719388122036e+03
1.893773766022116433e+03
1.914216120266391272e+03
1.934428005336368869e+03
1.954393912028734803e+03
1.974095703575655307e+03
1.993513768506380075e+03
2.012627276104410839e+03
2.031415711277627224e+03
2.049859280785519331e+03
2.067940434776226994e+03
2.085644772954683503e+03
2.102960767671109807e+03
2.119881782334183754e+03
2.136405508720916714e+03
2.152533917583396487e+03
2.168273510993517903e+03
2.183634856895425855e+03
2.198716596159012170e+03
2.213366732623538610e+03
2.227686648539068756e+03
2.241695297966218732e+03
2.255411283129509229e+03
2.268852170624080372e+03
2.282034146142420013e+03
2.294970426540857716e+03
2.307671713706764876e+03
2.320145853128871750e+03
2.332396500917401227e+03
2.344424856865489346e+03
2.356229426174873424e+03
2.367805860646787096e+03
2.379148389981410219e+03
2.390249717388418958e+03
2.401102555074616248e+03
2.411699968101362629e+03
2.422035990393962493e+03
2.432106669898358177e+03
2.441910738243024298e+03
2.451449867433095733e+03
2.460729083374179027e+03
2.469757376347918125e+03
2.478547044016726886e+03
2.487114322296722094e+03
2.495478718137462238e+03
2.503662628503701399e+03
2.511691346336315291e+03
2.519591734337311664e+03
2.527392278600369991e+03
2.535125454973378055e+03
2.542814663658868540e+03
2.550492036663524686e+03
2.558186181138788470e+03
2.565924217804134969e+03
2.573732207766177908e+03
2.581634276688504542e+03
2.589653295527367391e+03
2.597810275543987700e+03
2.606125402859304359e+03
2.614617675421198328e+03
2.623305812483232785e+03
2.632209006075328489e+03
2.641347063782203350e+03
2.650741559548551322e+03
2.660416461491390237e+03
2.670399491964290064e+03
2.680722123968773758e+03
2.691421091169128431e+03
2.702539184448077776e+03
2.714125647126139484e+03
2.726237448434172165e+03
2.738939375053817912e+03
2.752305115381903761e+03
2.766417328499463110e+03
2.781368374711807064e+03
2.797274989918940264e+03
2.814220169080970209e+03
2.832339885023541228e+03
2.851765537883230081e+03
2.872637289485035581e+03
2.895103709393321424e+03
2.919320285658292050e+03
2.945447804533183444e+03
2.973650149062781111e+03
3.004091643118335469e+03
3.036932922456916003e+03
3.072327703147657758e+03
3.110415783983389247e+03
3.151317951922462726e+03
3.195128303167197373e+03
3.241906506312591318e+03
3.291669358765133438e+03
3.344382938334839764e+03
3.399953781670561057e+03
3.458224490905900439e+03
3.518968311644949154e+03
3.581889377427165982e+03
3.646627097176226016e+03
3.712762716170409021e+03
3.779835368272072174e+03
3.847357696399658380e+03
3.914838727315143842e+03
3.981806912259489764e+03
4.047834557671878883e+03
4.112558184522336887e+03
4.175696941173185223e+03
4.237097675290428924e+03
4.296608247081847367e+03
4.354274026005147789e+03
4.410200243039195811e+03
4.464574017697966156e+03
4.517648317019850765e+03
4.569725800486867229e+03
4.621140519926866546e+03
4.672240145802753432e+03
4.723370814301338214e+03
4.774860393893824039e+03
4.827006652056155872e+03
4.880065265266636743e+03
4.934240822802255025e+03
4.989680159252805424e+03
5.046466166420198533e+03
5.104614695523268892e+03
5.164073213119357206e+03
5.224721039609788022e+03
5.286372592356782661e+03
5.348781453539827453e+03
5.411648998007917726e+03
5.474633038358588237e+03
5.537361711526540603e+03
5.599446402036720428e+03
5.660497701716339179e+03
5.720141251336514870e+03
5.778033864059725602e+03
5.833877155015950848e+03
5.887428825242325729e+03
5.938512132400709561e+03
5.987020100052250200e+03
6.032916843475856695e+03
6.076235620172527888e+03
6.117073435722781142e+03
6.155582994978035458e+03
6.191963272737681109e+03
6.226448159432508874e+03
6.259296312050310917e+03
6.290739579500418586e+03
6.321127475435548149e+03
6.350685565791766749e+03
6.379660289364794153e+03
6.408273027237351016e+03
6.436714034660983998e+03
6.465136679110083605e+03
6.493654610339529427e+03
6.522338262234826288e+03
6.551215592880125769e+03
6.580271523274095671e+03
6.609451437023752987e+03
6.638663828978983474e+03
6.667784671538172006e+03
6.696664299450396356e+03
6.725133191707009246e+03
6.753009810792905228e+03
6.780106852927162436e+03
6.806243922462883347e+03
6.831239793564935098e+03
6.854939345796661655e+03
6.877205520198330305e+03
6.897927075683302064e+03
6.917022311182400699e+03
6.934439925889485494e+03
6.950160677822481375e+03
6.964196556062649506e+03
6.976588471924068472e+03
6.987405681852854286e+03
6.996740609991657948e+03
7.004707779239448428e+03
7.011437827373533764e+03
7.017076271657908364e+03
7.021778044737238815e+03
7.025704806989054305e+03
7.029023103866635211e+03
7.031900912715555023e+03
7.034506447175676840e+03
7.037006106663805440e+03
7.039565409259031185e+03
7.042348448401297901e+03
7.045518607027118378e+03
7.049240017215318403e+03
7.053680400816715519e+03
7.059013422332301161e+03
7.065422435757672247e+03
7.073103997407073621e+03
7.082272658657607280e+03
7.093166255204087065e+03
7.106061875762211457e+03
7.121236258436670141e+03
7.139038955550252467e+03
7.159850211324907832e+03
7.184097990095398018e+03
7.212257840811773349e+03
7.244852445144129888e+03
7.282445419968035822e+03
7.325630883252666536e+03
7.375015307477024180e+03
7.431189118172414055e+03
7.494687657688474246e+03
7.565941583023394742e+03
7.645214035392062215e+03
7.732532209413362580e+03
7.827611908293671149e+03
7.929798230578838229e+03
8.038018788170033076e+03
8.150779194952617217e+03
8.266205235541516231e+03
8.382140843441919060e+03
8.496297763067221240e+03
8.606437102465633870e+03
8.710562261605718959e+03
8.807083803249326593e+03
8.894935157368467117e+03
8.973624163925744142e+03
9.043215730566613274e+03
9.104265689899852077e+03
9.157717476856083522e+03
9.204790806191607771e+03
9.246872788071819741e+03
9.285424354945364030e+03
9.321906205624856739e+03
9.357724252904938112e+03
9.394193046045138544e+03
9.432512904278641145e+03
9.473779903439961345e+03
9.518905896819893314e+03
9.568750476923361930e+03
9.624051702751794437e+03
9.685462141706761031e+03
9.753563354900847116e+03
9.828871112959832317e+03
9.911834313075263708e+03
1.000281952406677919e+04
1.010208711394288912e+04
1.020975463474485878e+04
1.032575865881757090e+04
1.044981211471581264e+04
1.058136625192051542e+04
1.071958496576382458e+04
1.086333102596025674e+04
1.101117856521612885e+04
1.116144840157276485e+04
1.131227227847873110e+04
1.146168065587841556e+04
1.160770855682100228e+04
1.174850570226252603e+04
1.188244293458123320e+04
1.200819567427631955e+04
1.212479782733130742e+04
1.223166526435397827e+04
1.232858621249357202e+04
1.241568613431418089e+04
1.249337743699514249e+04
1.256230074824290932e+04
1.262326398723621060e+04
1.267744126303681514e+04
1.272531436051020864e+04
1.276815130813012365e+04
1.280696561736485273e+04
1.284274592759332882e+04
1.287644075621732009e+04
1.290894673917615910e+04
1.294110181803514752e+04
1.297367798660748849e+04
1.300737771870436700e+04
1.304283133783210178e+04
1.308059112509466104e+04
1.312112733355750424e+04
1.316482007977453031e+04
1.321195252259355584e+04
1.326269968640827392e+04
1.331728958846043861e+04
1.337531238866118474e+04
1.343672534812908452e+04
1.350117443177542555e+04
1.356817618722258339e+04
1.363706887229258973e+04
1.370711033042823692e+04
1.377744448239921439e+04
1.384714896908235824e+04
1.391527177323463729e+04
1.398087502332335316e+04
1.404307621967198975e+04
1.410108983285056638e+04
1.415425855359527486e+04
1.420208077874229093e+04
1.424422164472608711e+04
1.428051927136822451e+04
1.431097846137297347e+04
1.433575920187154588e+04
1.435515806387543307e+04
1.436958975985118013e+04
1.437956700469156385e+04
1.438568185879082557e+04
1.438859045983171927e+04
1.438900105203097883e+04
1.438766488963866868e+04
1.438537222345016016e+04
1.438294979786379736e+04
1.438126350988625200e+04
1.438122440373640529e+04
1.438379567649993805e+04
1.439000432943609667e+04
1.440095413254567939e+04
1.441784017282320019e+04
1.444196727763568015e+04
1.447476235442937468e+04
1.451778841826273674e+04
1.457274591702567523e+04
1.464146033048599747e+04
1.472583898314782164e+04
1.482787641709081981e+04
1.494913185887987493e+04
1.509103698882008575e+04
1.525418903144428623e+04
1.543799602333858093e+04
1.564018945828636060e+04
1.585639463919593982e+04
1.607994427169713163e+04
1.630213052927226090e+04
1.651302486043657336e+04
1.670280200582337056e+04
1.686326387106475158e+04
1.698909692351594640e+04
1.707846995011827676e+04
1.713284444733307100e+04
1.715617732196620636e+04
1.715387002784065044e+04
1.713180664490643176e+04
1.709566862500125353e+04
1.705056219565736683e+04
1.700087958744484058e+04
1.695029207810993466e+04
1.690179124464426786e+04
1.685773699994029084e+04
1.681990641180383682e+04
1.678955275759573487e+04
1.676748779804456353e+04
1.675420446705005452e+04
1.675002388613296716e+04
1.675526915266635115e+04
1.677041418387386511e+04
1.679619857599099851e+04
1.683366452904853213e+04
1.688412558432257356e+04
1.694907928413772242e+04
1.703009825867927793e+04
1.712873340288213149e+04
1.724644628649134029e+04
1.738457919714878153e+04
1.754434130688764344e+04
1.772679060532408039e+04
1.793277652465511710e+04
1.816281914526491164e+04
1.841691828128665657e+04
1.869485180067964393e+04
1.899363523786348014e+04
1.931102264774841024e+04
1.964114625083393184e+04
1.997789241380941166e+04
2.031319119466042685e+04
2.063803365859683254e+04
2.094330961730720446e+04
2.122079161116364048e+04
2.146404904519960837e+04
2.166907267704972037e+04
2.183446679452970420e+04
2.196121723488582938e+04
2.205216957980625375e+04
2.211137697156990544e+04
2.214348216667798988e+04
2.215322823165292721e+04
2.214512071716651189e+04
2.212324078002256283e+04
2.209116935053566704e+04
2.205198221081363226e+04
2.200829626666011245e+04
2.196233163726014391e+04
2.191598461994725221e+04
2.187090792397552650e+04
2.182858298334392384e+04
2.179039246696900227e+04
2.175768380954907843e+04
2.173182086779323436e+04
2.171421711971792320e+04
2.170635177152997494e+04
2.170976317648218173e+04
2.172602505575366376e+04
2.175670675082401431e+04
2.180332495728239519e+04
2.186728867698385511e+04
2.194984302238255623e+04
2.205201140366386608e+04
2.217453517779809772e+04
2.231780498706912113e+04
2.248178605472197160e+04
2.266592698823813771e+04
2.286906841936007550e+04
2.308937845701580227e+04
2.332413553433696143e+04
2.356989787185635942e+04
2.382238325217460442e+04
2.407660692392944839e+04
2.432708124201469764e+04
2.456810397044678029e+04
2.479411080569813566e+04
2.500005799689921332e+04
2.518176607095364670e+04
2.533619561363638786e+04
2.546159427101883557e+04
2.555831241158904959e+04
2.562556526278513411e+04
2.566596867386326994e+04
2.568220867945476130e+04
2.567761727873560085e+04
2.565600107268243664e+04
2.562153183326578801e+04
2.557869505401162678e+04
2.553231417550439437e+04
2.548763602522663496e+04
2.545047559849740719e+04
2.542741183861091486e+04
2.542599263551173135e+04
2.545490572182083633e+04
2.552400326593392310e+04
2.564396319085366486e+04
2.582528537389483608e+04
2.607616670878488003e+04
2.639892703725403408e+04
2.678521709965661285e+04
2.721164923552008622e+04
2.763920005371274237e+04
2.801985508170930552e+04
2.831016883234132547e+04
2.848530231255965191e+04
2.854512736468037838e+04
2.850960911281739027e+04
2.840814772972201172e+04
2.826963068903793101e+04
2.811686663406404477e+04
2.796560987225365898e+04
2.782504139110774850e+04
2.770124862667908383e+04
2.759789992903991151e+04
2.751718936380700325e+04
2.745997022889031723e+04
2.742569004568935998e+04
2.741234320996806491e+04
2.741653464583316236e+04
2.743370780012851537e+04
2.745864034666957741e+04
2.748623190281126517e+04
2.751241612311161225e+04
2.753489675943332259e+04
2.755341457458097648e+04
2.756946795658496194e+04
2.758563368156430442e+04
2.760478181856720767e+04
2.762941897333530869e+04
2.766129900131496470e+04
2.770137148521339623e+04
2.775009754714453084e+04
2.780810139593505301e+04
2.787694781401401633e+04
2.795974348175814157e+04
2.806131956001924118e+04
2.818798228762997314e+04
2.834703492056765026e+04
2.854635158945736111e+04
2.879416900584937321e+04
2.909897809924190005e+04
2.946921496255049351e+04
2.991242675078891261e+04
3.043457552483763357e+04
3.103518737146421699e+04
3.170923045353816633e+04
3.244169784622170846e+04
3.320644312072114553e+04
