4.908003292916696311e-08
1.465341259218911885e-07
3.694504651483626999e-07
8.230663640410027110e-07
1.668273249669036202e-06
3.138481190297280035e-06
5.558700495252410340e-06
9.366825709338205669e-06
1.513711450836874732e-05
2.360583311996518872e-05
3.569907701739872982e-05
5.256271322735101524e-05
7.559445406125466838e-05
1.064780376627690820e-04
1.472194830410984137e-04
2.001854030888275838e-04
2.681432801605824882e-04
3.543038924883291571e-04
4.623656059372893397e-04
5.965605674602158549e-04
7.617028994668020988e-04
9.632387164470125520e-04
1.207298225139064171e-03
1.500749118971929537e-03
1.851252116256721543e-03
2.267318105118462483e-03
2.758367258815714804e-03
3.334789449529889770e-03
4.008006435255723546e-03
4.790534466187061115e-03
5.696051629363488994e-03
6.739462353726414362e-03
7.936966554735986473e-03
9.306128961189810353e-03
1.086594784915831044e-02
1.263693117688613997e-02
1.464116522063265216e-02
1.690239167423356406e-02
1.944607787924891584e-02
2.229950225562682409e-02
2.549182156953988532e-02
2.905415170981975187e-02
3.301965741251604303e-02
3.742360179277622739e-02
4.230346664444036009e-02
4.769900318121139682e-02
5.365232251494578275e-02
6.020796866598708552e-02
6.741774110110441975e-02
7.539122173277203187e-02
8.413365293350877350e-02
9.370292793239662354e-02
1.041601410425456176e-01
1.155696274619533725e-01
1.279991282915786399e-01
1.415198783525723480e-01
1.562066982287712014e-01
1.721381581693209595e-01
1.893966172725888852e-01
2.080684424956182055e-01
2.282440079016428425e-01
2.500178672910889910e-01
2.734888932918095317e-01
2.987603756572917435e-01
3.259400805074780250e-01
3.551404969724974992e-01
3.864787431979282983e-01
4.200770172820069148e-01
4.560623313234161147e-01
4.945668884708364632e-01
5.357281602107142326e-01
5.796889164236151970e-01
6.265974240677407714e-01
6.766075869909149443e-01
7.290177239385857710e-01
7.846501772640614991e-01
8.437075561809227464e-01
9.063488029278723435e-01
9.727378559640712519e-01
1.043043260259493676e+00
1.117438638814379104e+00
1.196102204239336775e+00
1.279216897587658996e+00
1.366970947061784125e+00
1.459556929406915282e+00
1.557172705008941449e+00
1.660020726601067143e+00
1.768497104213203830e+00
1.882844104932381857e+00
2.003116569656463675e+00
2.129541349358615054e+00
2.262349992099459861e+00
2.401779485827379546e+00
2.548071278036228904e+00
2.701471756125936707e+00
2.862232282646749226e+00
3.030608817219918372e+00
3.206861954327731024e+00
3.391256988145674889e+00
3.584063405074674247e+00
3.785555368275956845e+00
3.996010772224548369e+00
4.215712192925069601e+00
4.444945418243712254e+00
4.684000156702271767e+00
4.933170830545656749e+00
5.192753335265184234e+00
5.463047492250450610e+00
5.744357608153542571e+00
6.036988365613618512e+00
6.341248625735553368e+00
6.657448645081107230e+00
6.989064462308876458e+00
7.344702240906067381e+00
7.714849378882561837e+00
8.099937679580882843e+00
8.500405040622437625e+00
8.916692703416064347e+00
9.349251317204505085e+00
9.798538137833553208e+00
1.026501189219554355e+01
1.074914193432014820e+01
1.125139860298251904e+01
1.177225917430278024e+01
1.231220738679771998e+01
1.287172392502318985e+01
1.345130509696029364e+01
1.405144016608473123e+01
1.467262994417894362e+01
1.531537215076178882e+01
1.598016948044212882e+01
1.666752859464197201e+01
1.737795794815774997e+01
1.811196257095153328e+01
1.887005383310565776e+01
1.965274056205909758e+01
2.046053251110875948e+01
2.131585854704452743e+01
2.221357042549620076e+01
2.314131267248831136e+01
2.409977779877613102e+01
2.510350165447258064e+01
2.608223128517069256e+01
2.707126663506910091e+01
2.808839985782233484e+01
2.913406946814127707e+01
3.014269749927590425e+01
3.110239719302521166e+01
3.210710794553412484e+01
3.320823371488408071e+01
3.433519441770822311e+01
3.548813775495743528e+01
3.666718384493700711e+01
3.787243954992835882e+01
3.910398633540755498e+01
4.036189099222555399e+01
4.164618693241050096e+01
4.288914425662319729e+01
4.413415509050413021e+01
4.539834005796169691e+01
4.668129230489081749e+01
4.798257724539326574e+01
4.930171162702101384e+01
5.064770366151464032e+01
5.206445849579729668e+01
5.344883000684373542e+01
5.484971615459208039e+01
5.626640493561829004e+01
5.779952097274497902e+01
5.949084177801505291e+01
6.121364405983005952e+01
6.296787742661391718e+01
6.475348037778979915e+01
6.657035479642641462e+01
6.841837329103805132e+01
7.029739593585256330e+01
7.220725677071692417e+01
7.418531627612149748e+01
7.618526534853430121e+01
7.821561559181590439e+01
8.027595978482230521e+01
8.236584992229833802e+01
8.419794012947045303e+01
8.591786431412320724e+01
8.763838761780547770e+01
8.935793574532067396e+01
9.107489753812063782e+01
9.278757749665588506e+01
9.449425942096328868e+01
9.619315318691522521e+01
9.788244518210919409e+01
9.956026256533742469e+01
1.012246829049137915e+02
1.028099679165938056e+02
1.040969172072429956e+02
1.053490691965603787e+02
1.067463926935980680e+02
1.079609784784356066e+02
1.106272752500516958e+02
1.129800928308915218e+02
1.153496266252988391e+02
1.174324437048620808e+02
1.193072183747260766e+02
1.211664504003458092e+02
1.229967726348695294e+02
1.240502134062305970e+02
1.250463551224157754e+02
1.260342649692332770e+02
1.262024542961851949e+02
1.261747962101058818e+02
1.260525862300427775e+02
1.257742194655064765e+02
1.248630112993879067e+02
1.249569223092080819e+02
1.258864072907582283e+02
1.265704489495352618e+02
1.266656299236775567e+02
1.266767219018066584e+02
1.273617466152835362e+02
1.276151428982098537e+02
1.269043139378913736e+02
1.264610741068202913e+02
1.268556825287335812e+02
1.271816246239668260e+02
1.274373807201881874e+02
1.276215279620623306e+02
1.277326977171982350e+02
1.277696426055778574e+02
1.277312116825952728e+02
1.273555389746894093e+02
1.262610954716463425e+02
1.259609952270045881e+02
1.261875612391260404e+02
1.272445894127620534e+02
1.281395087605475851e+02
1.284771967756337290e+02
1.287552975253348961e+02
1.289728520540387819e+02
1.291289721912153254e+02
1.281693529091901951e+02
1.258042914509413208e+02
1.233554696603688114e+02
1.235740369475023499e+02
1.237410379910720053e+02
1.238561123145178300e+02
1.239189921718193546e+02
1.239103010930933237e+02
1.220056343665087866e+02
1.192985438011761801e+02
1.173900650525052924e+02
1.165312657385914576e+02
1.156190368936515682e+02
1.146555645173112907e+02
1.136828407094980662e+02
1.125887922420274947e+02
1.114015562293674009e+02
1.102966598913725988e+02
1.089726881837485735e+02
1.076627749255975885e+02
1.063044557085400754e+02
1.049003419919346527e+02
1.034532908148447632e+02
1.017911277746815131e+02
1.000217629089780900e+02
9.888388102283470005e+01
9.729931294156764920e+01
1.001363951047939338e+02
1.041688416283250831e+02
1.026411674038886161e+02
9.944019632274151377e+01
9.824669590421399334e+01
9.830460936777342340e+01
9.833495789173733215e+01
9.833787044301379865e+01
9.831350500698368933e+01
9.826208081524674753e+01
1.006866416614578554e+02
1.028989986477193668e+02
1.054426581994856349e+02
1.033623622313605779e+02
1.023114872276915008e+02
1.019039030768657454e+02
1.014744033494174289e+02
1.010255209195763655e+02
1.005559263994853723e+02
9.978330280200853508e+01
9.956389583503852236e+01
1.007196567690062352e+02
1.033277929430477258e+02
1.090713457883989008e+02
1.138746072905028655e+02
1.178963276780606293e+02
1.198985019599140429e+02
1.193525603397133210e+02
1.175995175594216278e+02
1.134733628814791757e+02
1.094090670846812401e+02
1.064085694420041506e+02
1.096622878129383594e+02
1.130499517943525518e+02
1.152685759130347662e+02
1.170646466325902111e+02
1.200453516994918317e+02
1.231027065985484512e+02
1.248662777724008777e+02
1.257434289696645351e+02
1.324328628951000724e+02
1.393257254632070499e+02
1.464151297142509520e+02
1.536938368590486448e+02
1.596353463229341969e+02
1.652789144018797742e+02
1.725336181165060907e+02
1.795690310397512235e+02
1.808942163732761230e+02
1.822469896986200979e+02
1.836241065882044836e+02
1.850224149747863294e+02
1.919580644315292659e+02
2.003454961158303718e+02
2.008271993601887857e+02
2.005100325065552624e+02
2.052388493635486952e+02
2.146804032319389250e+02
2.242487793088961610e+02
2.339379241241448426e+02
2.437421266559164224e+02
2.505703413084863769e+02
2.509981129672329416e+02
2.514645697068159507e+02
2.542808025550909861e+02
2.633041977606015962e+02
2.724030711572027599e+02
2.737294363372909629e+02
2.743288196715259346e+02
2.749049840777828422e+02
2.801870064429276681e+02
2.886687181683075778e+02
2.971772690469778126e+02
3.032634236941250947e+02
3.050863204597508229e+02
3.068667787863030298e+02
3.117298896241908892e+02
3.197741945599207725e+02
3.278109109375689059e+02
3.366898857466643449e+02
3.466251874867672882e+02
3.566246501798277109e+02
3.666867300130776357e+02
3.768102510830893834e+02
3.869947654796095549e+02
3.934825772418481620e+02
3.934031059535779491e+02
3.933862390808150167e+02
4.032168396352450372e+02
4.112154360283225287e+02
4.186170060942598639e+02
4.277179430248088465e+02
4.368033891863457256e+02
4.375383055226105853e+02
4.376188752285040096e+02
4.376569786137487199e+02
4.446530092233907112e+02
4.532509971109155913e+02
4.618226703102777719e+02
4.703653098776819661e+02
4.733967536048252782e+02
4.726647938834945535e+02
4.778391918716351938e+02
4.882496989860516692e+02
4.978665448345050208e+02
4.982083352108934946e+02
4.984421203399774072e+02
5.027116522621118406e+02
5.124013851229942702e+02
5.224337042424016317e+02
5.325091255619604453e+02
5.426263825166652168e+02
5.511963378641921736e+02
5.561505853278677023e+02
5.610597537633402681e+02
5.659231162753163744e+02
5.707399252035481823e+02
5.755092008314372833e+02
5.802297578926729784e+02
5.849003813400418039e+02
5.895196611607888144e+02
5.968868240417602919e+02
6.093753226879908880e+02
6.220453431884629936e+02
6.348940326019078384e+02
6.393540568292569333e+02
6.376798081142250112e+02
6.340035434869973869e+02
6.307497566171464314e+02
6.279880693415618680e+02
6.257871242304946691e+02
6.242153108515663007e+02
6.257805569088841366e+02
6.220672507049861224e+02
6.217836411904312399e+02
6.255007536829402852e+02
6.280077314891150309e+02
6.314917145079280090e+02
6.359952658528429765e+02
6.387735210612787569e+02
6.347770575228903454e+02
6.390149616867179247e+02
6.387705575857103213e+02
6.390505028927648254e+02
6.398612074446982660e+02
6.378147649919058040e+02
6.355751657455007262e+02
6.359562536856427641e+02
6.368473503680536396e+02
6.379824205518480085e+02
6.393813301326688361e+02
6.410629406370412653e+02
6.406058437523558950e+02
6.404368860208331853e+02
6.479634867875726059e+02
6.507993053602406235e+02
6.456629030002729905e+02
6.412047198980677649e+02
6.433000399536622353e+02
6.419309679179436898e+02
6.440059390397401557e+02
6.460900391105012659e+02
6.453103450570423547e+02
6.446224363930540449e+02
6.440411550183366671e+02
6.435811618785668315e+02
6.432566134329681518e+02
6.439392567459615293e+02
6.438815564050132707e+02
6.354880300381611278e+02
6.359708749633902016e+02
6.280669836417256420e+02
6.437082164982800805e+02
6.602025707892419177e+02
6.752106113627962714e+02
6.850308161591922271e+02
6.940998251113551305e+02
7.091852452034975158e+02
7.207149382774579180e+02
7.203720391048409510e+02
7.189097406301866613e+02
7.218031474412148327e+02
7.143810404562191252e+02
7.027486657276921278e+02
6.914206137811199824e+02
6.804292058451374032e+02
6.698157506604389937e+02
6.742987338198875022e+02
6.856950178218824021e+02
6.977365547475344556e+02
7.104123676553672340e+02
7.237111879826804852e+02
7.376215851970077892e+02
7.521318155278588620e+02
7.694630846951854437e+02
7.914563912554665421e+02
7.946467590131985617e+02
7.906100809753875183e+02
7.769126522624889049e+02
7.691520994167442495e+02
7.615522942704417346e+02
7.748457030027477686e+02
7.881904468539303252e+02
8.014414480404047936e+02
8.145826522379848029e+02
8.275985781539329764e+02
8.404807500699712364e+02
8.532039807945458278e+02
8.657618959736199713e+02
8.781437119836598413e+02
8.819985093841880825e+02
8.896269740422787891e+02
9.141904244377835766e+02
9.211440261721581919e+02
9.380776390319417715e+02
9.519255781749543530e+02
9.653150774617834031e+02
9.782384402670345480e+02
9.906887780510114681e+02
1.002661172774948795e+03
1.014152015968413480e+03
1.025159152278744614e+03
1.035749850124187788e+03
1.063812173709137369e+03
1.068529802314673361e+03
1.068049911450305899e+03
1.067062366475712224e+03
1.066048779012055320e+03
1.074698021078027978e+03
1.083215777932303808e+03
1.091615821057240282e+03
1.104704506310238685e+03
1.122073913469776471e+03
1.135201159667578850e+03
1.156353166048068488e+03
1.171598617896330552e+03
1.187117220522653497e+03
1.193166959424274864e+03
1.191244446266796785e+03
1.188431023744010190e+03
1.183292875789641585e+03
1.191602860064039760e+03
1.200117675256288749e+03
1.208733216566465671e+03
1.206389109847311829e+03
1.203878104938106389e+03
1.201202014627154767e+03
1.198361769780126451e+03
1.195358677571500039e+03
1.192193633068210147e+03
1.188867637523409257e+03
1.208401095451170931e+03
1.234651891640679878e+03
1.261672968619958056e+03
1.289501067907594461e+03
1.287146399277478395e+03
1.284442447046798861e+03
1.281554657725794414e+03
1.278489284386821510e+03
1.275252016686866682e+03
1.271848603023435544e+03
1.268283389087793694e+03
1.264561611144489916e+03
1.277928550183714378e+03
1.296268825189235713e+03
1.314853474742601520e+03
1.333682636286825073e+03
1.352756512813156178e+03
1.372074089163461394e+03
1.393770340307486094e+03
1.426363357997740877e+03
1.459400899695289581e+03
1.492873743569627095e+03
1.526766598930433020e+03
1.561068269218932983e+03
1.595764147953138036e+03
1.627436211829135118e+03
1.650816090046617774e+03
1.674176855888772934e+03
1.725086056129706776e+03
1.787252596987219476e+03
1.851877953806842470e+03
1.919000187435235148e+03
1.988652744546967597e+03
2.060862586157127680e+03
2.117421371999694202e+03
2.150800810777153856e+03
2.183799872304622113e+03
2.216367794295390013e+03
2.248457550111936598e+03
2.280026854520404413e+03
2.311039255102173229e+03
2.341463126316020862e+03
2.358074436090309518e+03
2.402749247097963234e+03
2.449201118594433410e+03
2.495901108304753507e+03
2.542832383543806827e+03
2.589976392204765489e+03
2.637310667410025417e+03
2.684809521710250010e+03
2.732441038170888532e+03
2.780168061003875209e+03
2.799034163195768087e+03
2.788802011936430972e+03
2.771624106703674443e+03
2.737150290513966866e+03
2.701646505095260181e+03
2.665254446561111763e+03
2.628121590562380334e+03
2.590392525068801206e+03
2.552217770599862888e+03
2.513745947423241887e+03
2.475121645939359951e+03
2.436492395471414056e+03
2.443774521820152586e+03
2.482183879349914150e+03
2.531186906112245197e+03
2.538614593283909471e+03
2.547019780989547598e+03
2.556397965571181430e+03
2.566744032345195592e+03
2.575965528080863805e+03
2.567109403493324862e+03
2.557216872571219938e+03
2.546331881670520033e+03
2.534502968532521663e+03
2.526249081497490806e+03
2.520881204529183378e+03
2.515359193520514964e+03
2.509712978176837169e+03
2.504406790348860341e+03
2.540787045308375127e+03
2.576837651568440833e+03
2.608792799550747077e+03
2.586337691247756993e+03
2.564851833834176432e+03
2.544358424994889447e+03
2.530251390727432863e+03
2.536027880668767921e+03
2.541344515413434692e+03
2.546200860644949444e+03
2.606415206982445852e+03
2.661978570119740652e+03
2.692626883833564534e+03
2.642522360495026078e+03
2.594163199619823899e+03
2.547763281989882671e+03
2.503398690962985256e+03
2.461150660999014690e+03
2.465721244239546650e+03
2.485074984131383644e+03
2.499386743134945391e+03
2.453910283407233237e+03
2.412224306772074669e+03
2.374383555641631574e+03
2.340451869364122103e+03
2.321071576158774405e+03
2.328003483934163341e+03
2.337617095753645117e+03
2.350029087642369632e+03
2.365372931416448409e+03
2.383797229492556653e+03
2.415402521108498149e+03
2.464259494560544226e+03
2.517955269178032722e+03
2.550104367769846249e+03
2.544271497191153685e+03
2.599373331424870230e+03
2.662746279055969353e+03
2.728814915542172457e+03
2.797621943967600146e+03
2.869213689485599389e+03
2.864757374969498414e+03
2.851575307729809538e+03
2.818063063898820474e+03
2.771907501662005416e+03
2.726869373394313698e+03
2.682998869382451630e+03
2.640344154581232942e+03
2.624001707421553874e+03
2.634886135395947804e+03
2.643996532122800090e+03
2.651306528911713031e+03
2.687371069038687892e+03
2.699297036645334629e+03
2.714834382924111196e+03
2.734110171003534560e+03
2.740567907247752373e+03
2.777591517861862030e+03
2.785338561903737173e+03
2.793739288698393466e+03
2.802879211204730382e+03
2.812842953231730462e+03
2.823711778670625790e+03
2.835564573873414247e+03
2.848476399088784092e+03
2.881875001714841801e+03
2.930883510640858731e+03
2.977998581379713869e+03
2.992327484407931479e+03
3.005748757064624442e+03
3.018614046940182561e+03
3.032995761410364139e+03
3.088190080609778306e+03
3.161105677742713851e+03
3.238943718638088285e+03
3.322091465962303118e+03
3.410991961680823806e+03
3.493007301634537271e+03
3.481885769278274893e+03
3.505913106909127691e+03
3.557767614851542930e+03
3.610046388783712246e+03
3.662593151062641482e+03
3.715254469535282624e+03
3.767880874931891412e+03
3.820323492985397934e+03
3.872441789014442293e+03
3.918060163719881984e+03
3.958555202582776474e+03
4.002999275587547345e+03
4.051669316267844806e+03
4.104799000681585312e+03
4.162577660614936576e+03
4.250667540343700239e+03
4.363305914820221915e+03
4.479192311568909645e+03
4.598134326383315056e+03
4.688776074124514707e+03
4.757925305257501350e+03
4.824945948286560451e+03
4.889775185508869072e+03
4.952363159669985180e+03
5.012666603987337112e+03
5.070654233170647785e+03
5.129785408256247138e+03
5.245460706736256725e+03
5.361615752256919222e+03
5.478154073628757033e+03
5.594960486400634181e+03
5.711905566873354474e+03
5.823238055720041302e+03
5.930240619569764931e+03
6.039620939014661417e+03
6.151136934616067265e+03
6.264522694185726323e+03
6.379485881323832473e+03
6.495713030609038469e+03
6.612868291023545680e+03
6.728729822888883064e+03
6.779663106460951894e+03
6.830055544437434946e+03
6.879723550461608284e+03
6.928468266808992666e+03
6.976077118038366280e+03
7.022327859537228505e+03
7.066987798059229135e+03
7.109817753010267552e+03
7.150574057013509446e+03
7.189011123450994091e+03
7.263867534699043063e+03
7.418318886034736352e+03
7.570855551375496361e+03
7.700006407426762962e+03
7.608388695463987460e+03
7.482115840892850429e+03
7.357970379920172491e+03
7.236161206766828400e+03
7.116893849694683013e+03
7.000352983612298885e+03
6.886712952380292336e+03
6.776130505855646334e+03
6.668754926632140268e+03
6.564726884222982335e+03
6.464243741903235787e+03
6.375210602998345166e+03
6.285155817840719465e+03
6.239947492307061111e+03
6.205618019522512441e+03
6.175024977072402180e+03
6.158192934892497760e+03
6.246967527764201805e+03
6.333613105698752406e+03
6.417968483865397502e+03
6.499885161947211600e+03
6.579228429870040600e+03
6.655872291296329422e+03
6.729704931386135286e+03
6.800623973595475036e+03
6.868540134277953257e+03
6.854468106110255576e+03
6.808036820194302891e+03
6.761143730349731413e+03
6.713885989607245392e+03
6.666363485380408747e+03
6.618674334963669025e+03
6.578416841590948025e+03
6.568167665492950618e+03
6.559821194084706804e+03
6.572366405685801510e+03
6.597761531829059095e+03
6.622731680153510752e+03
6.647190131224057041e+03
6.670996818953683032e+03
6.649331277155019052e+03
6.582535554360836613e+03
6.515456764113729150e+03
6.448238272698590663e+03
6.381021301111271896e+03
6.313942236752673125e+03
6.247137602397824594e+03
6.180740320915241682e+03
6.178209828789769745e+03
6.296598716554524799e+03
6.424185792486343416e+03
6.561290424829852782e+03
6.708237521540066155e+03
6.865363894397514741e+03
7.033011720308064469e+03
7.211527532632838302e+03
7.401261446991964476e+03
7.490596237825313437e+03
7.523426651514068908e+03
7.560661627027784562e+03
7.545650166694947984e+03
7.470905986620478870e+03
7.396434513903685001e+03
7.322549558210870600e+03
7.249652133833327753e+03
7.178038105688905489e+03
7.112475769860622677e+03
7.114481103936550426e+03
7.116220968517947767e+03
7.117704318531777972e+03
7.118943060115140725e+03
7.119955875480818577e+03
7.120762494823286033e+03
7.121391130521282321e+03
7.121878191768257238e+03
7.122266142656502780e+03
7.158989140709893945e+03
7.243717742697999711e+03
7.330118052013976012e+03
7.418264834897709989e+03
7.508237409871366253e+03
7.600121774864730469e+03
7.694008699316532329e+03
7.789989957345643234e+03
7.888165286665701387e+03
7.988634864096469755e+03
8.038094939708167658e+03
8.037076072026746260e+03
8.037311261321513484e+03
8.039168408718401224e+03
8.043036823657999776e+03
8.049321458875060671e+03
8.058449418480389795e+03
8.070862496459025351e+03
8.087022927463443921e+03
8.107409552677961983e+03
8.132516060220065810e+03
8.162852911315625533e+03
8.199467874655778360e+03
8.241874115610347872e+03
8.291132050294407236e+03
8.347809096837989273e+03
8.412482101672985664e+03
8.485737172322526021e+03
8.568169266305907513e+03
8.660378805900276348e+03
8.762972629978252371e+03
8.876556998119544005e+03
9.001738778432425534e+03
9.139120497784484542e+03
9.289297078734676688e+03
9.452853168420866496e+03
9.630355490312389520e+03
9.822349168818238468e+03
1.002935164072011321e+04
1.025184457402952830e+04
1.049026625509925725e+04
1.074500404074421385e+04
1.101638014822447985e+04
1.130464230256504015e+04
1.154792668257050536e+04
1.175354102342141050e+04
1.197072114444660292e+04
1.219981769380654259e+04
1.244115421694461475e+04
1.269502878187927854e+04
1.296169846291756403e+04
1.324136278454730018e+04
1.353415655159112976e+04
1.384012580645293383e+04
1.415921167343068373e+04
1.449123073206329900e+04
1.483585239642791566e+04
1.519257707728771493e+04
1.556071699338829785e+04
1.593937035479923725e+04
1.632741208133714099e+04
1.672347200638394133e+04
1.709097855995842838e+04
1.712175074712272908e+04
1.706890556799575643e+04
1.701677010944830545e+04
1.699761762960374472e+04
1.697836857824895560e+04
1.695573801892773190e+04
1.692991142179791132e+04
1.690111353637870707e+04
1.686960087447124533e+04
1.683565168863900180e+04
1.679956828408090587e+04
1.676166373443989141e+04
1.672226790777039423e+04
1.668170536485525372e+04
1.664030295357772775e+04
1.657358402070470765e+04
1.648721999489504378e+04
1.647439359932979278e+04
1.646635772507365255e+04
1.647688993451943679e+04
1.648027305017860635e+04
1.647674900578400047e+04
1.645740391342782095e+04
1.631097801563762914e+04
1.616472465285002181e+04
1.601951427577509094e+04
1.587611529416662415e+04
1.573518674277471837e+04
1.559730361313936010e+04
1.553907031858450318e+04
1.549245280284789624e+04
1.544946280384048987e+04
1.541048404657615720e+04
1.543049399936009468e+04
1.546389526000081969e+04
1.550988451081590574e+04
1.556890761531962926e+04
1.564144486334857720e+04
1.572798553700995944e+04
1.582904974900031448e+04
1.594518407200258116e+04
1.607694684582202899e+04
1.619357103723305408e+04
1.626780110477757080e+04
1.631066815449698697e+04
1.636254014961301800e+04
1.623678009426248900e+04
1.599661918684714692e+04
1.575827600605249245e+04
1.590497342578741336e+04
1.581233380752437733e+04
1.572950174543735739e+04
1.565670428666651787e+04
1.559404427798027609e+04
1.554152663853656850e+04
1.549908806487836773e+04
1.546661811550319544e+04
1.544397426128810548e+04
1.543099491061159461e+04
1.542750565879709029e+04
1.543332737485634061e+04
1.544827368514521731e+04
1.547215686416680182e+04
1.550478335277460428e+04
1.554595192010172832e+04
1.559545045329231289e+04
1.565305558962535724e+04
1.568111130431628408e+04
1.556335846083514480e+04
1.544503132959072900e+04
1.532670735048408278e+04
1.520889958480091445e+04
1.509205863538646372e+04
1.508293251856155803e+04
1.510235569996798222e+04
1.511911621837119674e+04
1.513293162509080867e+04
1.514357860720744793e+04
1.515090207199790166e+04
1.515483393239309589e+04
1.515540338577526927e+04
1.532704572579330852e+04
1.552589231098132586e+04
1.573163284035696961e+04
1.594424098793295343e+04
1.616371211048868281e+04
1.639005190693935947e+04
1.662326020446785697e+04
1.686349958854897341e+04
1.711034878572635353e+04
1.736386108198727379e+04
1.762382287796957826e+04
1.788991766214372910e+04
1.816171412895621324e+04
1.843864513209657161e+04
1.872001766082164249e+04
1.900500938432125258e+04
1.929267915466862542e+04
1.958198444865008787e+04
2.001077584010986538e+04
2.054504904458414239e+04
2.109653206133966887e+04
2.166487066399780451e+04
2.224968589376813907e+04
2.285056755575145871e+04
2.343846282148195678e+04
2.402927054980572211e+04
2.464481435920653166e+04
2.528499342094405438e+04
2.594950678341975072e+04
2.655262912636442343e+04
2.686144184674986900e+04
2.715598643639791408e+04
2.743547482511717317e+04
2.769920523556714761e+04
2.777507831119782350e+04
2.770891264877562935e+04
2.763115131810402818e+04
2.754201765986280952e+04
2.772887159134831745e+04
2.828114721020316938e+04
2.885672432124160696e+04
2.948312079848979192e+04
2.938142595088053713e+04
2.937528735284660797e+04
2.944359846700658454e+04
