1.066337020007674166e-07
3.183752706769998351e-07
8.027302458287814825e-07
1.788393726525951349e-06
3.625035630368932708e-06
6.819984349819251756e-06
1.207974703561159526e-05
2.035633947768066316e-05
3.289841716742555200e-05
5.130714111619264671e-05
7.759682831291406105e-05
1.142602618717676453e-04
1.643386949288618080e-04
2.314963811257832844e-04
3.201000141542982591e-04
4.353023089701580934e-04
5.831301403094379596e-04
7.705777126221062274e-04
1.005703179041817765e-03
1.297730581510948313e-03
1.657154951330182908e-03
2.095853084147232537e-03
2.627197056768146560e-03
3.266173655759835141e-03
4.029503054274340482e-03
4.935771056156046215e-03
6.005553754318046673e-03
7.261553533314419988e-03
8.728735569173381656e-03
1.043447279345477256e-02
1.240868583933336065e-02
1.468398876766826601e-02
1.729585362333710755e-02
2.028274501525197809e-02
2.368629539057790639e-02
2.755145809166033646e-02
3.192667012860628956e-02
3.686400573080492876e-02
4.241939145789017096e-02
4.865270648686798038e-02
5.562801597960816136e-02
6.341371225283137791e-02
7.208271085189472960e-02
8.171260818490348743e-02
9.238588357539596896e-02
1.041900834624161082e-01
1.172179658719742501e-01
1.315677368889760779e-01
1.473431788703945533e-01
1.646538965020978296e-01
1.836154192658829287e-01
2.043495486088381663e-01
2.269842510237131961e-01
2.516542175262175829e-01
2.785007012964418882e-01
3.076718994475736157e-01
3.393230906305565453e-01
3.736167803807305954e-01
4.107229738720808432e-01
4.508191461466766747e-01
4.940906264430851569e-01
5.407307227553773687e-01
5.909407083231561497e-01
6.449302316376140931e-01
7.029173504689172347e-01
7.651285599551520544e-01
8.317990477169076025e-01
9.031730260360993912e-01
9.795037194318767515e-01
1.061053005915024494e+00
1.148092343355208156e+00
1.240902431362612912e+00
1.339773453746986975e+00
1.445004851446193284e+00
1.556905539735892408e+00
1.675794685174270437e+00
1.802000435346016394e+00
1.935860696765899114e+00
2.077724053223184431e+00
2.227947768583437682e+00
2.386898664765381817e+00
2.554954657705965193e+00
2.732501763103866388e+00
2.919937172844718098e+00
3.117666541826572324e+00
3.326104980350436779e+00
3.545677617211741683e+00
3.776818373290755648e+00
4.019969706924036323e+00
4.275583818949176163e+00
4.544120650300248698e+00
4.826050243271533979e+00
5.121847807143477205e+00
5.431999818036035599e+00
5.756997280156322283e+00
6.097339734712392101e+00
6.453533071297729684e+00
6.826090350101540416e+00
7.215530931912528700e+00
7.622374832388718602e+00
8.047154539486806257e+00
8.490398485854427690e+00
8.952646817173468108e+00
9.434436593748733557e+00
9.936309761584821487e+00
1.045880954380142036e+01
1.100247944862873872e+01
1.156786258542769730e+01
1.215550052219968258e+01
1.276593310707535522e+01
1.339970254473587197e+01
1.405733788856015920e+01
1.473936834584248601e+01
1.544631573818433701e+01
1.617869819004601695e+01
1.693701861162112010e+01
1.772177240547143739e+01
1.853344706863536118e+01
1.937251286143917639e+01
2.023942709844698484e+01
2.113463269786729271e+01
2.205855501122308127e+01
2.301160056855256997e+01
2.399415195865006822e+01
2.500656822412809532e+01
2.604919653179388916e+01
2.712233801343870709e+01
2.822628219498385960e+01
2.936129130684906485e+01
3.052757177118514775e+01
3.172532401304862049e+01
3.295468662966282380e+01
3.421578680354044621e+01
3.550869781436615114e+01
3.683343623050662785e+01
3.818999855383906095e+01
3.957832005831538424e+01
4.099828902420793497e+01
4.244973322507792801e+01
4.393245837592026248e+01
4.544616812157388352e+01
4.699054242803747883e+01
4.856517216853998065e+01
5.016962431791355215e+01
5.180335282334208102e+01
5.346577024115372723e+01
5.515623372129587665e+01
5.687398320484972203e+01
5.861821780143814919e+01
6.038805408618652137e+01
6.218251863313199834e+01
6.400057485975206362e+01
6.584108708541577926e+01
6.770284262319006530e+01
6.958453616496777272e+01
7.171150381576742916e+01
7.388203288931715917e+01
7.608690643039084023e+01
7.832519845993829222e+01
8.059596225906312839e+01
8.289809397572729210e+01
8.523045360147013128e+01
8.759178972626045834e+01
8.998076129961894765e+01
9.239591068886906555e+01
9.483570836711686525e+01
9.729851490286540638e+01
9.978231398206968095e+01
1.022858092427103571e+02
1.048303051177694840e+02
1.077491801923328723e+02
1.107084019640772681e+02
1.137066791094793672e+02
1.167427136496617379e+02
1.198137675222957057e+02
1.229207839653209646e+02
1.260609450573619910e+02
1.292324644908404423e+02
1.324335064315974080e+02
1.356620743651494081e+02
1.389161325041586679e+02
1.421934674507294858e+02
1.454917880650632469e+02
1.488086856198606824e+02
1.521416267200445134e+02
1.554879974809540215e+02
1.588450091375011368e+02
1.623528005369589380e+02
1.663737370729200507e+02
1.704377597802522359e+02
1.745430558568509412e+02
1.786876305233869004e+02
1.828694026890078703e+02
1.870861537086783244e+02
1.913355562002542456e+02
1.956152193501236241e+02
1.999225483824425851e+02
2.042549664456746541e+02
2.086096609977890921e+02
2.129837276233894841e+02
2.173741480630926901e+02
2.217778306098994392e+02
2.261915569121577789e+02
2.306119818089867408e+02
2.350355714624139125e+02
2.394588333800653288e+02
2.438779961956318800e+02
2.482893778097950417e+02
2.526889671522432934e+02
2.576090830317446603e+02
2.631285596297034886e+02
2.686877995705464173e+02
2.742840953914322881e+02
2.799147386175846464e+02
2.855767793181069010e+02
2.912672462120286241e+02
2.969830504925605510e+02
3.027209812075383866e+02
3.084776945600560794e+02
3.142497823591102701e+02
3.200337671976561182e+02
3.258259130993792496e+02
3.316225989647651886e+02
3.374198570420765009e+02
3.432138538915588697e+02
3.490005327291157187e+02
3.547757130982295735e+02
3.605351597303374547e+02
3.662746104509571410e+02
3.719896354814759434e+02
3.776757070280572748e+02
3.833282221513294417e+02
3.889425277531741472e+02
3.945138831738386216e+02
4.000374286041906089e+02
4.055082516410964786e+02
4.114630529673193564e+02
4.188631120739466951e+02
4.262904412854981047e+02
4.337417050732767621e+02
4.412134197409581589e+02
4.487020941165888530e+02
4.562040852251945466e+02
4.637156165967724064e+02
4.712330095979723410e+02
4.787523559924031247e+02
4.862696294290228138e+02
4.937809181444036426e+02
5.012819890640423068e+02
5.087688245904805626e+02
5.162370412760166118e+02
5.236823599980509698e+02
5.311004447215938171e+02
5.384868249544665559e+02
5.458369591346048537e+02
5.531462977200571913e+02
5.604102175477835317e+02
5.676240263350788382e+02
5.747830071384531720e+02
5.818823987808784750e+02
5.889172986160635901e+02
5.958828477395180698e+02
6.027740521984338784e+02
6.095861135740002510e+02
6.163138458344003539e+02
6.229524270011745557e+02
6.294965298053328979e+02
6.359412465271138899e+02
6.422812666766262737e+02
6.485116043891800928e+02
6.546270532253431611e+02
6.606222949867812986e+02
6.664921935912611843e+02
6.722315016909078622e+02
6.778350173371929941e+02
6.832974850259821551e+02
6.886135092784086282e+02
6.937780916593693519e+02
6.987857304880456013e+02
7.036313622486545682e+02
7.083096293260432503e+02
7.128153017127115163e+02
7.171432586677103700e+02
7.212882375377291737e+02
7.252450637104403768e+02
7.290085786128705649e+02
7.325737435912947149e+02
7.359354124249589404e+02
7.390885682692959335e+02
7.420282407821010793e+02
7.447493942008081831e+02
7.472472807067633767e+02
7.495169739650702923e+02
7.515536949185667481e+02
7.533528812233507779e+02
7.549098100876821036e+02
7.562199154720194656e+02
7.572789124611699663e+02
7.580821897402638569e+02
7.586258115487999021e+02
7.589055672452961971e+02
7.592812095070800069e+02
7.590287479731850908e+02
7.585007365927028786e+02
7.576936284535145205e+02
7.566039861410242793e+02
7.552284584747120562e+02
7.535639211915913620e+02
7.516076291725034935e+02
7.493566991023998298e+02
7.468085977398382056e+02
7.439611065957136589e+02
7.408122078362231377e+02
7.373599542304311854e+02
7.336027216869354106e+02
7.295393398721422500e+02
7.251687083671562277e+02
7.204899036577702418e+02
7.155028629816152943e+02
7.102070341369767448e+02
7.046029458803019452e+02
6.986910487590720322e+02
6.961980189844599636e+02
6.945685790402555995e+02
6.927106333351009653e+02
6.906226343833175179e+02
6.883032086801910054e+02
6.857511621207582948e+02
6.829654566565586720e+02
6.799451839621788167e+02
6.766894993570232373e+02
6.731980570068166116e+02
6.694703226714080984e+02
6.655062602860167544e+02
6.613057604600402328e+02
6.568692259588066236e+02
6.521968819844483960e+02
6.472896108202110099e+02
6.421480610311655255e+02
6.445539176970133894e+02
6.498704802060942711e+02
6.551817047771603484e+02
6.604803264387962827e+02
6.657575688414675597e+02
6.710043397064370083e+02
6.762105780217531219e+02
6.813653439889535548e+02
6.864573814809785972e+02
6.914746602046139969e+02
7.018636853042737584e+02
7.136236805715956280e+02
7.255474229177330017e+02
7.376274675016204583e+02
7.498544084268960432e+02
7.622170312955189502e+02
7.747018824599182381e+02
7.872931183348986224e+02
7.999729175991333250e+02
8.127205139569257426e+02
8.255131350855344863e+02
8.383246116945130098e+02
8.511264659914817230e+02
8.638870085757080233e+02
8.765720517654741570e+02
8.891439267635158785e+02
9.015623399872238224e+02
9.137835077335888627e+02
9.257614277328887056e+02
9.374462875616106885e+02
9.487864098118662923e+02
9.597269166425381854e+02
9.702107727892765752e+02
9.801793621677589954e+02
9.895714556793777774e+02
9.983256149120178407e+02
1.006379413878629293e+03
1.018894906680195277e+03
1.041371748704925267e+03
1.063902304058284017e+03
1.086434790160953526e+03
1.108912467471806849e+03
1.131274302983390271e+03
1.153454431095547989e+03
1.175381906735600523e+03
1.196981861827301827e+03
1.218174718476662974e+03
1.238876850436889526e+03
1.259000907598974209e+03
1.278455966362505478e+03
1.297147882901344246e+03
1.314981097628969565e+03
1.331857822206106903e+03
1.347679133313695502e+03
1.362346579690879253e+03
1.375762234270324598e+03
1.387830017933932368e+03
1.398456951144325330e+03
1.407554101124543195e+03
1.415037264015541950e+03
1.420828918913939788e+03
1.424858474179992299e+03
1.427064171254503208e+03
1.427393735197251317e+03
1.425805140506546422e+03
1.431380542397710997e+03
1.458210275264255188e+03
1.484204248712015897e+03
1.509264431386252227e+03
1.533293209988239369e+03
1.556193046692156486e+03
1.577869108060408280e+03
1.598228860432876218e+03
1.617183263916902888e+03
1.634648079716937445e+03
1.650544143203918793e+03
1.664798431936844509e+03
1.677344477604447775e+03
1.701182574987480393e+03
1.739705665317573221e+03
1.778411010003728279e+03
1.817265015752030195e+03
1.856236059822321749e+03
1.895295667342192701e+03
1.934417254094337295e+03
1.973578146224036573e+03
2.012756320225825903e+03
2.051935183096904439e+03
2.091099765824201313e+03
2.130238068959376051e+03
2.169342220557018209e+03
2.208406747121337503e+03
2.247430680353115349e+03
2.286416351337560627e+03
2.325369938592546532e+03
2.364301548460833146e+03
2.403225713280749915e+03
2.442161373742034357e+03
2.481131787335089939e+03
2.520165348881621412e+03
2.559295004813495325e+03
2.598559809090250383e+03
2.638003226120555610e+03
2.677674870509460106e+03
2.717630753958505920e+03
2.757931846028653581e+03
2.798647126354147986e+03
2.839850554457763337e+03
2.881625372772214632e+03
2.924059099883332237e+03
2.967249221810326617e+03
3.011299829716342174e+03
3.056322101773268514e+03
3.102438152515546790e+03
3.149775778918476590e+03
3.198472706107653721e+03
3.248675059324269114e+03
3.300538200048491944e+03
3.354226209132115400e+03
3.409911753624378434e+03
3.467777174023821772e+03
3.528011509891074638e+03
3.590815163103425675e+03
3.656392886944203383e+03
3.724958796655967035e+03
3.796731513464058935e+03
3.871934972350613407e+03
3.950797121488093126e+03
4.033545206506798422e+03
4.120407380122105678e+03
4.211606819478019133e+03
4.307358348020551603e+03
4.407867949492481785e+03
4.513323669764859005e+03
4.623892871366928375e+03
4.739714951328414827e+03
4.860894643099823952e+03
4.987495383407701411e+03
5.119528903157784043e+03
5.256948363338237868e+03
5.399636091033311459e+03
5.547396276563440551e+03
5.699944658432949836e+03
5.856896713133626690e+03
6.017761573961407521e+03
6.181931971123136464e+03
6.348683383043045069e+03
6.517165772948639642e+03
6.686407659473826243e+03
6.855319958948000931e+03
7.022704177183158208e+03
7.187267485928488895e+03
7.347642736174499987e+03
7.502413777501032200e+03
7.650140312806319344e+03
7.789396437917589537e+03
7.918805052811385394e+03
8.037074320067156805e+03
8.143031722307331620e+03
8.235663997835750706e+03
8.314142822411793532e+03
8.377847950441529974e+03
8.426387282959261938e+03
8.459600434072564894e+03
8.477567026479764536e+03
8.480585818850857322e+03
8.469175057529651895e+03
8.444035390090257351e+03
8.406030375091628230e+03
8.356163304725881972e+03
8.295531698009568572e+03
8.225310968784911893e+03
8.146712274884615908e+03
8.060965051527782634e+03
7.969286221775877493e+03
7.972451060171634708e+03
8.170696925500285943e+03
8.360802675411996461e+03
8.541083851988823881e+03
8.709890571233585433e+03
8.865658261960785239e+03
9.006928745613875435e+03
9.132401758128686197e+03
9.240960800698107050e+03
9.331692970999869431e+03
9.403922318712104243e+03
9.457210429582271900e+03
9.491372378701202251e+03
9.506464840833719791e+03
9.502783892545197887e+03
9.480841756126379551e+03
9.441351639591557614e+03
9.385195647973981977e+03
9.313403987251844228e+03
9.227113811763647391e+03
9.127551338918607144e+03
9.015999653225697330e+03
8.893761917204594283e+03
8.762156182572804028e+03
8.622475680689238288e+03
8.475986812242323140e+03
8.323899791780824671e+03
8.167371885496896539e+03
8.149694309305038587e+03
8.346611645137387313e+03
8.532592861675264430e+03
8.706193088090736637e+03
8.866057866591112543e+03
9.010954442116575592e+03
9.139798007826684625e+03
9.251666529802827426e+03
9.345822148732093410e+03
9.421724679396482315e+03
9.479032639864186422e+03
9.517605967115427120e+03
9.537507716184936726e+03
9.538983021105097578e+03
9.522458707714886259e+03
9.488518322117521166e+03
9.437884838585536272e+03
9.371396377934703196e+03
9.290033641663727394e+03
9.194731894226730219e+03
9.086598345860396876e+03
8.966739688953033692e+03
8.836270249873883586e+03
8.696314302034139473e+03
8.547972307334837751e+03
8.392323856337286998e+03
8.230407524237456528e+03
8.063224450756190890e+03
7.891719362348345385e+03
7.732358336268855055e+03
7.857303110985979401e+03
7.988107519032151686e+03
8.125207498166211735e+03
8.269097665133465853e+03
8.420354434986582419e+03
8.579621635783691090e+03
8.747633530034847354e+03
8.925220777585207543e+03
9.113315011706208679e+03
9.312959740619071454e+03
9.525318398554989471e+03
9.751684824260719324e+03
9.993489854328607180e+03
1.025231093296126710e+04
1.052987632828746973e+04
1.082807485357430596e+04
1.114894750191589446e+04
1.149469601785866507e+04
1.186766738436076230e+04
1.227034364598334469e+04
1.270531871852920449e+04
1.317525962692172652e+04
1.368285711139839441e+04
1.423077365726229255e+04
1.482154074977118216e+04
1.545747451710610039e+04
1.614053243378706247e+04
1.687216636403740631e+04
1.765315723164179144e+04
1.848341880135504471e+04
1.936179270325092148e+04
2.028586833405657308e+04
2.125176496397113442e+04
2.225401873300193984e+04
2.328547540480172029e+04
2.433728519883124682e+04
2.539900409298086015e+04
2.645878446980828085e+04
2.750374015043205145e+04
2.852035808162406465e+04
2.949503291946743047e+04
3.041464936117921752e+04
3.126717082798899355e+04
3.204213490570788781e+04
3.273110010118245555e+04
3.332793515282011504e+04
3.382894806447904557e+04
3.423287325169600808e+04
3.454069988053842098e+04
3.475541858025316469e+04
3.488165806297654490e+04
3.492531466790469858e+04
3.489316042766534520e+04
3.479247866282409086e+04
3.463076545700702991e+04
3.441544138149829814e+04
3.415366133618690219e+04
3.385216476999149745e+04
3.351716064527705021e+04
3.315430002935222728e+04
3.276862608662179991e+04
3.236459452145782052e+04
3.194608953100450890e+04
3.151647217761797947e+04
3.107860631707173525e+04
3.063492335865673158e+04
3.018747017602632695e+04
2.973794470173403897e+04
2.928776064868042522e+04
2.944224897406847958e+04
3.059320843394150143e+04
3.169262882685787918e+04
3.272908843550906022e+04
3.369254115266766166e+04
3.457464063386628550e+04
3.536897493268160179e+04
3.607117546695974306e+04
3.667892546164250962e+04
3.719183326346695685e+04
3.761127484313878085e+04
3.794011582571847975e+04
3.818245809482476034e+04
3.834332817053655162e+04
3.842840954935611080e+04
3.844377576362685795e+04
3.839564707147236186e+04
3.829023174955951981e+04
3.813355453508402570e+04
3.793134999022895499e+04
3.768897676925449923e+04
3.741138927121832239e+04
3.710309650650454569e+04
3.676815651787729439e+04
3.641019266378015891e+04
3.603241070462374046e+04
3.563762355094039231e+04
3.522829158919696783e+04
3.480653324404950399e+04
3.437419643410974095e+04
3.393285977859535342e+04
3.348387837026439956e+04
3.302841183266902226e+04
3.256745678422728088e+04
3.210186631553066036e+04
3.163238259122048839e+04
3.115964322407067812e+04
3.068421622934469997e+04
3.020660255037420939e+04
2.972726160970173441e+04
2.924661534047653549e+04
2.876506689406603255e+04
2.876625005376400804e+04
2.918340101075543498e+04
2.955278557765741061e+04
2.987591289211998810e+04
3.015463387531096669e+04
3.039102569667001444e+04
3.058733131355850855e+04
3.074588064654838308e+04
3.086902958320456673e+04
3.095911405811719669e+04
3.101840585043792453e+04
3.104907430057778402e+04
3.105317350029908994e+04
3.103262988927480183e+04
3.098922173692306751e+04
3.092458125275094790e+04
3.084020046735627329e+04
3.073742213906512916e+04
3.061746295171061138e+04
3.048140902604553412e+04
3.033022123328601447e+04
3.016476211745940236e+04
2.998580459583839911e+04
2.979401385430712253e+04
2.958999847183604652e+04
2.937429157486822078e+04
2.914737291440214540e+04
2.890967624720968161e+04
2.866159797143926335e+04
2.840350026095315116e+04
2.813573083642681013e+04
2.785861809491012536e+04
2.757248481369860019e+04
2.727764589946316119e+04
2.888847419378848281e+04
3.088753461780558791e+04
3.306866137443872140e+04
3.542181872461794410e+04
3.792775299639013247e+04
4.055695350671284541e+04
4.326957524411186023e+04
4.601650561275057407e+04
4.874180881501996191e+04
5.138639875982029480e+04
5.389250978748888883e+04
5.620839962560289132e+04
5.829238018539350742e+04
6.011566230579521653e+04
6.166351483337927493e+04
6.293481685819107952e+04
6.394024178964465682e+04
6.469960611700559093e+04
6.523891516999336454e+04
6.558750657406488608e+04
6.577566589171435044e+04
6.583276530175768130e+04
6.578601319898352085e+04
6.565972693331564369e+04
6.547498141185075656e+04
6.524956787886765960e+04
6.499816904617691034e+04
6.473262215001007280e+04
6.446224691329665075e+04
6.419418074500105286e+04
6.393370750954215328e+04
6.368453907947781408e+04
6.344910358548176737e+04
6.322872790501760755e+04
6.302387744439011294e+04
6.283424929486149631e+04
6.265896175529389438e+04
6.249662288961984450e+04
6.234542087357814307e+04
6.220320447574979335e+04
6.206753591953018622e+04
6.193572794459893339e+04
6.180489880749012082e+04
6.167201249806243140e+04
6.153390030193278653e+04
6.138729315230128850e+04
6.122887265788731020e+04
6.343414498001557513e+04
6.539205087879727944e+04
6.707655654468214198e+04
6.848288609821103455e+04
6.961727067076413368e+04
7.049511121307847498e+04
7.113869824872283789e+04
7.157483861546218395e+04
7.183259904467867455e+04
7.194139842546365981e+04
7.192959760852523323e+04
7.182342906810241402e+04
7.164642436513271241e+04
7.141910690507919935e+04
7.115893201891715580e+04
7.088042409823363414e+04
7.059539626003018930e+04
7.031320998312911252e+04
7.004108132463622314e+04
6.978440574903979723e+04
6.954696259185075178e+04
6.933123940859809227e+04
6.913857493802590761e+04
6.896940480421851680e+04
6.882338071568150190e+04
6.869952000641720952e+04
6.859631035677678301e+04
6.851178985235728032e+04
6.844363149564582272e+04
6.838919365429585741e+04
6.834558563222218072e+04
6.830969080561227747e+04
6.827820340608697734e+04
6.824767209524799546e+04
6.821451833131452440e+04
6.817507172729946615e+04
6.812557792065746617e+04
6.806225469318963587e+04
6.798130560442207207e+04
6.787895925473698298e+04
6.775148103482785518e+04
6.759525192079691624e+04
6.740677469248211128e+04
6.718273184242792195e+04
6.692002224544646742e+04
6.661582746771711390e+04
6.626762468888561125e+04
6.587327194820228033e+04
6.543101678969609202e+04
6.493955872434254707e+04
6.439808417496764741e+04
6.380629202265053755e+04
6.316440376478387770e+04
6.247321300401656481e+04
6.173404226848153485e+04
6.094877988526993431e+04
6.011983339869179326e+04
5.925011115038871503e+04
5.834298434411871858e+04
5.740225703467620770e+04
5.643207809421874117e+04
5.543691403926449129e+04
5.442145986650003033e+04
5.339058596621479956e+04
5.234926900144207320e+04
5.130252164254574745e+04
5.025535095014603576e+04
4.921266846517797239e+04
4.817926924114763824e+04
5.208159697032484837e+04
5.658105763256934733e+04
6.138644565583606163e+04
6.634102432520331058e+04
7.123906325204651512e+04
7.584546889325631491e+04
7.992762427199186641e+04
8.329215770437355968e+04
8.581544101490812318e+04
8.745834121459029848e+04
8.826189030526846182e+04
8.832798246295013814e+04
8.779345179833041038e+04
8.680559552196729055e+04
8.550390887321603077e+04
8.400938205009495141e+04
8.242023098567569104e+04
8.081201094669480517e+04
7.924015968340607651e+04
7.774352779083033965e+04
7.634798318373810616e+04
7.506963793597626500e+04
7.391749104993046785e+04
7.289556673477549339e+04
7.200445033745297405e+04
7.124252181394376385e+04
7.060673357937601395e+04
7.009325315991652315e+04
6.969786822791445593e+04
6.941621619703029864e+04
6.924402265751472441e+04
6.917714749664538249e+04
6.921166638704172510e+04
6.934387448062820476e+04
6.957027741102097207e+04
6.988755216282396577e+04
7.029250389005654142e+04
7.078199368775023322e+04
7.135286520564858802e+04
7.494572573114532861e+04
8.115783748931484297e+04
8.787135019330463547e+04
9.497758374138928775e+04
1.023104580925899500e+05
1.096460163455682487e+05
1.167125804335975263e+05
1.232132848517004895e+05
1.288594490951629414e+05
1.334084856365571031e+05
1.366971618004123739e+05
1.386613770347315003e+05
1.393373079957572918e+05
1.388456327997417538e+05
1.373647758764759346e+05
1.351012464942615188e+05
1.322636868233067507e+05
1.290442358314838348e+05
1.256078215459833882e+05
1.220880841637878329e+05
1.185881009002283681e+05
1.151836289816078352e+05
1.119276107452587894e+05
1.088548738709197787e+05
1.059863229263018147e+05
1.033325663090872404e+05
1.008968651366577542e+05
9.867736780968675157e+04
9.666883709626596828e+04
9.486390825310898072e+04
9.325399711841894896e+04
9.182993595519549854e+04
9.058240676021233958e+04
8.950223643118581094e+04
8.858056666130840313e+04
8.780894945462212490e+04
8.717940150659170467e+04
8.668439004983588529e+04
8.631680621129804058e+04
8.606994756875385065e+04
8.593741584998353210e+04
8.591305931311206950e+04
8.599090869147922785e+04
8.907782820786575030e+04
9.540733211349099292e+04
1.019521583317831537e+05
1.086041575727925665e+05
1.152286499663592404e+05
1.216696309082728403e+05
1.277576318928906257e+05
1.333210370989683724e+05
1.381996186535100278e+05
1.422583595272000239e+05
1.453993942475663789e+05
1.475698152876254462e+05
1.487642599623111309e+05
1.490218232470669609e+05
1.484186824537224893e+05
1.470577533039818809e+05
1.450575908485290711e+05
1.425420164173633384e+05
1.396317072038371116e+05
1.364381245520260418e+05
1.330597903431870218e+05
1.295805508907467301e+05
1.260694524228573573e+05
1.225815711946128868e+05
1.191594602871753450e+05
1.158348967738951906e+05
1.126306316707050282e+05
1.095621000148160965e+05
1.066388859406135889e+05
1.038660132102692296e+05
1.012450650899911998e+05
9.877500771970412461e+04
9.709626500181216397e+04
1.087617710845231340e+05
1.201933377320967411e+05
1.302026761281166982e+05
1.377136953493027540e+05
1.421017098863347201e+05
1.433437258927397488e+05
1.419127057665953762e+05
1.385273723069806874e+05
1.339168250012236240e+05
1.286836747817605792e+05
1.232627069710664800e+05
1.179359571558746538e+05
1.128685829960444244e+05
1.081452398371202871e+05
1.037991627801370778e+05
9.983285801983013516e+04
9.623182222770147200e+04
9.297308680794682004e+04
9.003044069313615910e+04
8.737739896258460067e+04
8.498880034679033270e+04
8.389887106516282074e+04
8.568211235876123828e+04
8.718042505193091347e+04
8.839246810733132588e+04
8.932325398703085375e+04
8.998339850382493751e+04
9.038806347148498753e+04
9.055596713875023124e+04
9.050822629880417662e+04
9.026738473538919061e+04
8.985651558146263415e+04
8.929846159360313322e+04
8.861521972789267602e+04
8.782754983401118079e+04
8.695460595087647380e+04
8.601381331658037379e+04
8.502072600394931214e+04
8.398909050973782723e+04
8.293085115443383984e+04
8.568842684314517828e+04
9.544736070118517091e+04
1.071655084888276469e+05
1.210415757866008498e+05
1.371514373534235929e+05
1.553473322946106491e+05
1.751443151691734092e+05
1.956364141992666409e+05
