5.154531662212091492e-08
1.539031114200784239e-07
3.880552015146724695e-07
8.645800333194325794e-07
1.752568511869476330e-06
3.297381918085531930e-06
5.840759074046492402e-06
9.843265370787636253e-06
1.590907746675694344e-05
2.481308798424853990e-05
3.753033787573891757e-05
5.526773684951344384e-05
7.949809553786623664e-05
1.119964246967030606e-04
1.548785102198512625e-04
2.106417572935025833e-04
2.822082084298880330e-04
3.729698933865204283e-04
4.868362819823561245e-04
6.282839901257254289e-04
8.024086041833041957e-04
1.014978694154363261e-03
1.272491905746335515e-03
1.582233297687408958e-03
1.952335413635405146e-03
2.391840905788369335e-03
2.910766751180940328e-03
3.520170713790318501e-03
4.232219513544451493e-03
5.060259479041068209e-03
6.018888655843932130e-03
7.124030024552081668e-03
8.393009134084526354e-03
9.844630316616725940e-03
1.149925625818366826e-02
1.337889086904950342e-02
1.550725949548725953e-02
1.790989553237862589e-02
2.061422573571815992e-02
2.364965847762488457e-02
2.704767119122640159e-02
3.084190256150268553e-02
3.506824539343145197e-02
3.976493584603178061e-02
4.497265184679456046e-02
5.073460921521583122e-02
5.709665403417624879e-02
6.410736647794043619e-02
7.181815150776658940e-02
8.028334940205759940e-02
8.956032833133413529e-02
9.970958979712518655e-02
1.107948649668294427e-01
1.228832244193998197e-01
1.360451802091270090e-01
1.503547811818594371e-01
1.658897293170620013e-01
1.827314728232780905e-01
2.009653246920375391e-01
2.206805359124023314e-01
2.419704421697377039e-01
2.649325222805578028e-01
2.896685471282125501e-01
3.162846507318801126e-01
3.448914258147863232e-01
3.756040535037228900e-01
4.085423709836097372e-01
4.438310085760275858e-01
4.815994659449713833e-01
5.219821731770254436e-01
5.651186358096534912e-01
6.111535376891489291e-01
6.602367633367545174e-01
7.125235467327487582e-01
7.681744800278362817e-01
8.273557396627720939e-01
8.902389845843537985e-01
9.570015751382956459e-01
1.027826587251208457e+00
1.102902833117622494e+00
1.182425042835653972e+00
1.266593812602090585e+00
1.355615679948859453e+00
1.449703288511335897e+00
1.549075253005500308e+00
1.653956365354281255e+00
1.764577415535908189e+00
1.881175551711551597e+00
2.003993929594723777e+00
2.133281953934690112e+00
2.269295201154477137e+00
2.412295515803946078e+00
2.562550931823154077e+00
2.720335556334454008e+00
2.885929680355534988e+00
3.059619643418681978e+00
3.241698078955151274e+00
3.432463304683975647e+00
3.632219874792088632e+00
3.841277752624884911e+00
4.059953231531365780e+00
4.288567631967644012e+00
4.527448627203789933e+00
4.776928574223243906e+00
5.037345584799048481e+00
5.309042477864585940e+00
5.592367142933735380e+00
5.887672626937749953e+00
6.195316145384022199e+00
6.515659195466215969e+00
6.849067912569104521e+00
7.195911645523228373e+00
7.556563616115692383e+00
7.931400633761229280e+00
8.320802185402611073e+00
8.725150653004513757e+00
9.144830412283351251e+00
9.580228103335651113e+00
1.003173216048537597e+01
1.049973205890169403e+01
1.098461749895871087e+01
1.148677966790685367e+01
1.200660844224424473e+01
1.254449406462093464e+01
1.310082480872389255e+01
1.367598831007725835e+01
1.427036882827125019e+01
1.488434872057933767e+01
1.551830684540028393e+01
1.617261749206780763e+01
1.684765120733620591e+01
1.754377160563225502e+01
1.826133905598137375e+01
1.900070487578090095e+01
1.976221349439301278e+01
2.054620178577023282e+01
2.135299678842868332e+01
2.218291641813081583e+01
2.303626821029450511e+01
2.391334678594684249e+01
2.481443687341924331e+01
2.573980777012102905e+01
2.668971647174508988e+01
2.766440449887934605e+01
2.866409623599788503e+01
2.968900009185195188e+01
3.073930995346053763e+01
3.181519361098261456e+01
3.291680661010018838e+01
3.404428050314002263e+01
3.519772419907358341e+01
3.637722658091701078e+01
3.758285009977197433e+01
3.881463481086638723e+01
4.007259387789616056e+01
4.135671509611705687e+01
4.266695660002645241e+01
4.400324954836262492e+01
4.536549392772175793e+01
4.675356114732515067e+01
4.816728951819860782e+01
4.960648618157645018e+01
5.107092410772539637e+01
5.256034206502471307e+01
5.407444234354293400e+01
5.561289401039357472e+01
5.717532650022354801e+01
5.876131572073137477e+01
6.037045228006284248e+01
6.200223593368434649e+01
6.365614358873682477e+01
6.533161057627343382e+01
6.702803086328704296e+01
6.874476121352074642e+01
7.048102354205911979e+01
7.223626238789492504e+01
7.400961947123401785e+01
7.580028314778654419e+01
7.760739483556055518e+01
7.943005313760171759e+01
8.126731673986667204e+01
8.311819921393929178e+01
8.498145164320983724e+01
8.685643435170055682e+01
8.874182204025650833e+01
9.063646284854506519e+01
9.253916348157109439e+01
9.444868244697040893e+01
9.636374731987366715e+01
9.828304257515310383e+01
1.002052201565059733e+02
1.021288892595539579e+02
1.040521709443499816e+02
1.059744928968234348e+02
1.078939300674434634e+02
1.098089679333954081e+02
1.117180477623438577e+02
1.136196020441089445e+02
1.155120244495832225e+02
1.173936833563676174e+02
1.192629471033941400e+02
1.211181433357018165e+02
1.229575957904073533e+02
1.247796141526002174e+02
1.265817472544007387e+02
1.283637590629184615e+02
1.301232216284674053e+02
1.318584390332613054e+02
1.335677034334857751e+02
1.352493270218041914e+02
1.369016391293849892e+02
1.385229767897611168e+02
1.401116996550985050e+02
1.416662094377805374e+02
1.431849305134888937e+02
1.446663212840761901e+02
1.461088998697383659e+02
1.475112144945229034e+02
1.488718902809294207e+02
1.501895905104406381e+02
1.514630772764989217e+02
1.526911503451766237e+02
1.538727220509443612e+02
1.550067767314260152e+02
1.560924083232152384e+02
1.571287960578904404e+02
1.581152423037021038e+02
1.590511513414415674e+02
1.599360688144302856e+02
1.607696642983074469e+02
1.615517431189532260e+02
1.622822568296089116e+02
1.629613117832110163e+02
1.635891594756234042e+02
1.641662339018436114e+02
1.646931208262393795e+02
1.651705942608909652e+02
1.655995895990494375e+02
1.659812444847381414e+02
1.663168525898463486e+02
1.666079239821693534e+02
1.668561306253566556e+02
1.670633511624108110e+02
1.672316226653536546e+02
1.673631901373377957e+02
1.674604585288111593e+02
1.675260125921395513e+02
1.675626219095910585e+02
1.675731460419271741e+02
1.675606523980538043e+02
1.675283284979604730e+02
1.674794802417255823e+02
1.674175301895532755e+02
1.673459800390245675e+02
1.672684161121268573e+02
1.671884892164075325e+02
1.671098909588034473e+02
1.670365529143659558e+02
1.669717617396987350e+02
1.669194439515298711e+02
1.668832782568913444e+02
1.668668896974445772e+02
1.668738460308452147e+02
1.669076246734425979e+02
1.669715984188227083e+02
1.670690457387285903e+02
1.672030802760606036e+02
1.673767181024204262e+02
1.675927938343137100e+02
1.678552753659661221e+02
1.681641378045701742e+02
1.685229740725152396e+02
1.689339487915767393e+02
1.693990493271713831e+02
1.699200600606019975e+02
1.704986022890808783e+02
1.711360909456494710e+02
1.718337831618664495e+02
1.725927557440434441e+02
1.734138969678543560e+02
1.742979429330278265e+02
1.752454570330070567e+02
1.762568650048113170e+02
1.773380840922893640e+02
1.784780477012828896e+02
1.796823095800243379e+02
1.809507349848616684e+02
1.822830875353074305e+02
1.836790137171502693e+02
1.851380900781166190e+02
1.866597770848061373e+02
1.882434845592307227e+02
1.898885194446164917e+02
1.915941586314013136e+02
1.933596060990853687e+02
1.951840253186462633e+02
1.970665344437191209e+02
1.990062469585134011e+02
2.010022148177052088e+02
2.030535010851733944e+02
2.051591617948059820e+02
2.073398265073027744e+02
2.095518568283971206e+02
2.118153940835300091e+02
2.141295286689897637e+02
2.164933093868012293e+02
2.189058668158154433e+02
2.213663328107823816e+02
2.238738637607159490e+02
2.264276675385432327e+02
2.290269730462713653e+02
2.316710474576018441e+02
2.343592230228429969e+02
2.370908671084575019e+02
2.398653672751991053e+02
2.426821784597388216e+02
2.455407999067468552e+02
2.484407875455680141e+02
2.513817622618491896e+02
2.543633245001360592e+02
2.573851953999359239e+02
2.604471138814255369e+02
2.635488574214614914e+02
2.666902526010564429e+02
2.698711915701965722e+02
2.730915636495920467e+02
2.763513385051746241e+02
2.796504791278167659e+02
2.829889968123835047e+02
2.863669480859925898e+02
2.897843537368262901e+02
2.932413492926969525e+02
2.967379919509835418e+02
3.002743851038067646e+02
3.038506145762378310e+02
3.074667975500496482e+02
3.111229937969924322e+02
3.148193275330075380e+02
3.185557856830484980e+02
3.223324156907700058e+02
3.261492292255228449e+02
3.300061298966962227e+02
3.339030277012859642e+02
3.378397697650647729e+02
3.418161595608671632e+02
3.458318800176302830e+02
3.498866054761613782e+02
3.539798896112931743e+02
3.581112107624132364e+02
3.622800071085344484e+02
3.664856072085095207e+02
3.707271944525296590e+02
3.750038909517483603e+02
3.793147675975303628e+02
3.836588041390927515e+02
3.880348240807914522e+02
3.924416556168638976e+02
3.968780132569581838e+02
4.013424982114234467e+02
4.058337296760583399e+02
4.103502147103092170e+02
4.148904449749728087e+02
4.194529062342489851e+02
4.240360412566417949e+02
4.286383054857965931e+02
4.332582012753966296e+02
4.378945965176612845e+02
4.425453857814956677e+02
4.472095940600938206e+02
4.518859831490103147e+02
4.565733933573490049e+02
4.612708110971444171e+02
4.659773747445222511e+02
4.706923636158242061e+02
4.754152104316856935e+02
4.801454610970250201e+02
4.848828275850003138e+02
4.896272378396040494e+02
4.943786758861563726e+02
4.991373183517243888e+02
5.039034244513197791e+02
5.086774674664050053e+02
5.134598630567185182e+02
5.182512153250942220e+02
5.230522519205720755e+02
5.278636433619741410e+02
5.326866661149157380e+02
5.375212752303440311e+02
5.423687340383022502e+02
5.472299993991183555e+02
5.521060521778869088e+02
5.569978656151045016e+02
5.619065061506641996e+02
5.668330686543724823e+02
5.717786570191037754e+02
5.767444728225697190e+02
5.817317260418388969e+02
5.867416915391173688e+02
5.917756717721998712e+02
5.968350524158565804e+02
6.019211979268878849e+02
6.070355447511217335e+02
6.121795318463352942e+02
6.173546964092972757e+02
6.225625442547826651e+02
6.278045214316126703e+02
6.330822262771366695e+02
6.383971207450766769e+02
6.437508371697937264e+02
6.491448285208909965e+02
6.545780524607163215e+02
6.600571297108083400e+02
6.655811938168041024e+02
6.711517383578607223e+02
6.767703263904550113e+02
6.824385762562578748e+02
6.881580306576287285e+02
6.939303068832491590e+02
6.997569958814455049e+02
7.056396872803096585e+02
7.115800210926346381e+02
7.175796615602492921e+02
7.236402227182871911e+02
7.297633487051006114e+02
7.359508127491212690e+02
7.422042086034697377e+02
7.485253366408359170e+02
7.549159528308811105e+02
7.613778331109837154e+02
7.679128504291414856e+02
7.745228429740750471e+02
7.812098157443615492e+02
7.879757680936035058e+02
7.948228700974146932e+02
8.017533695452333404e+02
8.087694752039427613e+02
8.158737629468732848e+02
8.230688340670820935e+02
8.303574969735083187e+02
8.377427605266551609e+02
8.452278964447391445e+02
8.528162540174748756e+02
8.605116105948795848e+02
8.683179625684168741e+02
8.762395758510456290e+02
8.842811757890021909e+02
8.924477052425780812e+02
9.007445639429914763e+02
9.091775378768037399e+02
9.177529920888483730e+02
9.264775507525214380e+02
9.353584866490208469e+02
9.444048744520549690e+02
9.536224964928978807e+02
9.630215334554095534e+02
9.726116068490040334e+02
9.824028574222207908e+02
9.924062023852397942e+02
1.002633260034725481e+03
1.013096248682158716e+03
1.023808305988127927e+03
1.034783207774722996e+03
1.046035404548204497e+03
1.057580288106507624e+03
1.069433830906793446e+03
1.081612656395470822e+03
1.094134210451008812e+03
1.107016493935535209e+03
1.120277916722748159e+03
1.133937373209740826e+03
1.148014071210167003e+03
1.162527370806913723e+03
1.177504798486699428e+03
1.192949074316745509e+03
1.208886695162987053e+03
1.225335383522343591e+03
1.242311765040183900e+03
1.259830809836591925e+03
1.277905697553287155e+03
1.296547054234292546e+03
1.315762837926588190e+03
1.335557739190548773e+03
1.355932560651814811e+03
1.376883903949955993e+03
1.398403724212131010e+03
1.420478912042181037e+03
1.443091198897644745e+03
1.466216778488716045e+03
1.489826456488546455e+03
1.513885687023028595e+03
1.538355032552487273e+03
1.563190683670578437e+03
1.588345312419942275e+03
1.613768516898436928e+03
1.639408442023357566e+03
1.665212631279950074e+03
1.691129372845002081e+03
1.717140633575652146e+03
1.743135899020155421e+03
1.769103324933970725e+03
1.795004056354573322e+03
1.820804167365024341e+03
1.846474618813340385e+03
1.871991409612817051e+03
1.897334483343707916e+03
1.922487768661334258e+03
1.947437889813007814e+03
1.972172886969951605e+03
1.996681837232415091e+03
2.020953548733062007e+03
2.044975849553252601e+03
2.068734807672227362e+03
2.092214406631210750e+03
2.115396344931830299e+03
2.138260121644734227e+03
2.160783424212352202e+03
2.182942754958066416e+03
2.204713981727091323e+03
2.226073365783441659e+03
2.246998619150303512e+03
2.267469524786057718e+03
2.287468954155247502e+03
2.306983794495845814e+03
2.326004932112235565e+03
2.344528160023159671e+03
2.362553834153514345e+03
2.380086852172216368e+03
2.397136271211200437e+03
2.413714775759625354e+03
2.429935943195906020e+03
2.445621883926270129e+03
2.460887706410638202e+03
2.475751766440273968e+03
2.490231569264693007e+03
2.504343538802027979e+03
2.518101904052236932e+03
2.531518279794190221e+03
2.544601914067762209e+03
2.557359440647769588e+03
2.569793868939309959e+03
2.581906969240324997e+03
2.593698275876759908e+03
2.605166037005562430e+03
2.616307800362295893e+03
2.627120961544451802e+03
2.637603682881069290e+03
2.647755749030813149e+03
2.657578431301706132e+03
2.667075814922764039e+03
2.676254637119218842e+03
2.685124984480160037e+03
2.693700252308846302e+03
2.701997129085246797e+03
2.710035327198248979e+03
2.717837730879614355e+03
2.725429592657751982e+03
2.732838507500511241e+03
2.740093626633451549e+03
2.747225180740841552e+03
2.754264175196697124e+03
2.761245639626244611e+03
2.768192744371559911e+03
2.775139527847636145e+03
2.782115471722848724e+03
2.789148826196471418e+03
2.796266987379599868e+03
2.803495689567254885e+03
2.810860540844540537e+03
2.818385576979810139e+03
2.826094920489127617e+03
2.834012769539995588e+03
2.842163598046412972e+03
2.850573105603176373e+03
2.859268949312666791e+03
2.868280779099162828e+03
2.877641534620272523e+03
2.887388105282701872e+03
2.897561539767498743e+03
2.908208278678487204e+03
2.919380445623430660e+03
2.931136836873808988e+03
2.943543269872053770e+03
2.956673044760471385e+03
2.970607592531304817e+03
2.985437033962714395e+03
3.001260185323955284e+03
3.018203726558427206e+03
3.036348167383549026e+03
3.055838244507056970e+03
3.076809790052202061e+03
3.099407443986061025e+03
3.123783693721203690e+03
3.150098552943355116e+03
3.178517203912930199e+03
3.209208733591843611e+03
3.242343243621886359e+03
3.278088208130299336e+03
3.316605064753924580e+03
3.358042703763046575e+03
3.402532255762474961e+03
3.450179822472164687e+03
3.501058823835039220e+03
3.555200979141231073e+03
3.612589506785521280e+03
3.673149719087379708e+03
3.736744096994980737e+03
3.803168056860643901e+03
3.872148615850699116e+03
3.943349606682424110e+03
4.016377856353215975e+03
4.090797946130982837e+03
4.166149351381868655e+03
4.241966669738615565e+03
4.317803979274777703e+03
4.393257628984087205e+03
4.467986195989499720e+03
4.541727893542454694e+03
4.614352780494292347e+03
4.685705409723775119e+03
4.755842986903114252e+03
4.824869133454718394e+03
4.892961202334946393e+03
4.960352946669004268e+03
5.027317173026484852e+03
5.094146945778416011e+03
5.161136596578998251e+03
5.228565549404916055e+03
5.296682461167013571e+03
5.365692832901547263e+03
5.435748764186861081e+03
5.506941253459747713e+03
5.579296050550566179e+03
5.652770391711205775e+03
5.727254821940298825e+03
5.802574690076191473e+03
5.878496956000845785e+03
5.954736774362228061e+03
6.030967381163030950e+03
6.106832694879204610e+03
6.181958995065582712e+03
6.255970385635071580e+03
6.328503564801049833e+03
6.399222296187758730e+03
6.467830909123189485e+03
6.534086943536010949e+03
6.597809194818929427e+03
6.658884598915283277e+03
6.717269745349116420e+03
6.772989491828492646e+03
6.826132176653930401e+03
6.876841279317923181e+03
6.925305847004065981e+03
6.971748175812123918e+03
7.016412009197264524e+03
7.059549252756328315e+03
7.101409524972200416e+03
7.142182367278369384e+03
7.182172352467431665e+03
7.221515452677106623e+03
7.260357975636427000e+03
7.298806567875468318e+03
7.336925825273920054e+03
7.374738109999981134e+03
7.412224804607846636e+03
7.449328891093156017e+03
7.485957982968550823e+03
7.521991157319052036e+03
7.557283432133350288e+03
7.591673575466193142e+03
7.624990022651164509e+03
7.657060402310938116e+03
7.687717075678322544e+03
7.716804144198511494e+03
7.744185151767596835e+03
7.769751137038448178e+03
7.793407406470029855e+03
7.815103566367512940e+03
7.834816204123002535e+03
7.852553540175557828e+03
7.868354384231947733e+03
7.882284659764081880e+03
7.894435230919094465e+03
7.904916623469620390e+03
7.913855509012148104e+03
7.921389548803820617e+03
7.927662722307559307e+03
7.932820762002265838e+03
7.937009137111064774e+03
7.940368543110324936e+03
7.943032071825567982e+03
7.945126097872772334e+03
7.946766719525723602e+03
7.948062645216353303e+03
7.949114682064661793e+03
7.950017398025363946e+03
7.950862386931381479e+03
7.951740951816299457e+03
7.952748444586457481e+03
7.953986443371730275e+03
7.955569831839952712e+03
7.957629833064552258e+03
7.960319210897989251e+03
7.963817643437057086e+03
7.968337030945661354e+03
7.974125805684087936e+03
7.981490894384750391e+03
7.990737114926479080e+03
8.002268048415463454e+03
8.016524386323703766e+03
8.034002757623765319e+03
8.055254542406431028e+03
8.080883147832283612e+03
8.111536156497245429e+03
8.147892908193670337e+03
8.190644894037365702e+03
8.240465531545791237e+03
8.297969940374105136e+03
8.363664848439095294e+03
8.437884731125943290e+03
8.520722850045913219e+03
8.611956738859766119e+03
8.710987885777749398e+03
8.816796847240932038e+03
8.927939073057466885e+03
9.042587251367551289e+03
9.158632174472249972e+03
9.273832386368036168e+03
9.385997673849784405e+03
9.493183912336664434e+03
9.593857906567393002e+03
9.687016365179752029e+03
9.772236039416015046e+03
9.849659622377226697e+03
9.919928469856693482e+03
9.984079110100019534e+03
1.004343273570125712e+04
1.009948284289911498e+04
1.015380029128503520e+04
1.020795627961787613e+04
1.026346188919387532e+04
1.032172587966172614e+04
1.038402453405671986e+04
1.045151446199873499e+04
1.052509339276774881e+04
1.060559293631940454e+04
1.069364866065227216e+04
1.078973796998445141e+04
1.089418143658308327e+04
1.100714241522039629e+04
1.112862232617899281e+04
1.125844596948900471e+04
1.139625096121531351e+04
1.154146973947393963e+04
1.169331766085825257e+04
1.185078748963142971e+04
1.201265391156809164e+04
1.217748904062210931e+04
1.234369577014894458e+04
1.250955248538801789e+04
1.267327891564576566e+04
1.283311219056431401e+04
1.298739571283359874e+04
1.313467035669125289e+04
1.327375423265258905e+04
1.340381506039253691e+04
1.352440668899343837e+04
1.363547947262900561e+04
1.373735443181490700e+04
1.383067727858854596e+04
1.391634712600504827e+04
1.399544139845010613e+04
1.406914113151931997e+04
1.413866089273370198e+04
1.420544604644736683e+04
1.427011830559589725e+04
1.433396298674718673e+04
1.439789967460653315e+04
1.446272232563356374e+04
1.452909561220581054e+04
1.459755441237797095e+04
1.466850520486292044e+04
1.474222781197934819e+04
1.481887861327912833e+04
1.489849383690415561e+04
1.498099193489118807e+04
1.506617779498938762e+04
1.515374433248462992e+04
1.524327966486504192e+04
1.533427190027965844e+04
1.542637383884456540e+04
1.551838913099302044e+04
1.560981455877243752e+04
1.569984166643745266e+04
1.578764520142884248e+04
1.587234117572089599e+04
1.595311390171395942e+04
1.602917665545152158e+04
1.609982064522849396e+04
1.616444500221743328e+04
1.622258399887049745e+04
1.627392887505350336e+04
1.631834435103241412e+04
1.635587392287862167e+04
1.638673459015362823e+04
1.641130670554417520e+04
1.643011173933287864e+04
1.644378563515567294e+04
1.645304961826450381e+04
1.645868098962494696e+04
1.646148477279455983e+04
1.646226958931695845e+04
1.646183159163791788e+04
1.646093790069634633e+04
1.646032278169921847e+04
1.646068362840980626e+04
1.646268471085525016e+04
1.646696249164346227e+04
1.647413822220566362e+04
1.648482954424920899e+04
1.649966767151216118e+04
1.651931740888312561e+04
1.654449651295877629e+04
1.657600059626442453e+04
1.661472612678037331e+04
1.666169470962018750e+04
1.671807434951185496e+04
1.678518771925802503e+04
1.686451072969413144e+04
1.695763673318226211e+04
1.706630382123323579e+04
1.719182894571042561e+04
1.733549717456264625e+04
1.749781091353148440e+04
1.767815186448357053e+04
1.787429408525239705e+04
1.808197485856881030e+04
1.829470617614571165e+04
1.850402194019368108e+04
1.870029039765075504e+04
1.887403281752575276e+04
1.901743680281208071e+04
1.912560429513945564e+04
1.919714209024980300e+04
1.923396024443285205e+04
1.924047078550338847e+04
1.922252636263204477e+04
1.918645560399945680e+04
1.913837398176774514e+04
1.908380798066579518e+04
1.902755641122189263e+04
1.897368364967387970e+04
1.892556339233727704e+04
1.888592662418959299e+04
1.885691467350857056e+04
1.884013681769994218e+04
1.883675373115657931e+04
1.884759498542235451e+04
1.887330089967983076e+04
1.891448091675138858e+04
1.897184475725609445e+04
1.904628765321406172e+04
1.913888830743310245e+04
1.925082725514611229e+04
1.938324116326047442e+04
1.953704425217720200e+04
1.971276291895338363e+04
1.991040715882373479e+04
2.012940020572901631e+04
2.036856639347971941e+04
2.062616571383577320e+04
2.089995944019376475e+04
2.118728006604551410e+04
2.148508715870765809e+04
2.179060935249499380e+04
2.209881596987129524e+04
2.240651478766482978e+04
2.270787820439456846e+04
2.299790814144470278e+04
2.327066138192811923e+04
2.352010603606996665e+04
2.374073762824973892e+04
2.392830994407747130e+04
2.408047582962111119e+04
2.419716893460482606e+04
2.428057192864606623e+04
2.433472006886663075e+04
2.436486957415526194e+04
2.437680382286563326e+04
2.437623253015784212e+04
2.436836442972049917e+04
2.435767298572375512e+04
2.434782599442926221e+04
2.434172604890228831e+04
2.434161529599619098e+04
2.434920473950462838e+04
2.436579903278837446e+04
2.439240552369817669e+04
2.442981818069644214e+04
2.447868782781473055e+04
2.453956603582008393e+04
2.461293722196351155e+04
2.469923628068422840e+04
2.479884642845086273e+04
2.491208570404402053e+04
2.503917634086590260e+04
2.518020589220430702e+04
2.533507538475954425e+04
2.550345286559805754e+04
2.568472554111744103e+04
2.587796788589710559e+04
2.608191493810752945e+04
2.629496304310195046e+04
2.651517457150800692e+04
2.674030884318501558e+04
2.696785151208804382e+04
2.719505933488829760e+04
2.741955717819738129e+04
2.763715001744334586e+04
2.784520425755087854e+04
2.804048947250479250e+04
2.821981625438734409e+04
2.838016624909283200e+04
2.851885782506415489e+04
2.863375029474277108e+04
2.872344830892433311e+04
2.878746781636198284e+04
2.882633956140005102e+04
2.884160907330114787e+04
2.883622636416539899e+04
2.881243556607434948e+04
2.877444965868237705e+04
2.872631847065811235e+04
2.867222390458220980e+04
2.861635646175259899e+04
2.856286627199222858e+04
2.851588746654843635e+04
2.847963063883349605e+04
2.845853455206773288e+04
2.845747194274937283e+04
2.848198304826971435e+04
2.853852059326176459e+04
2.863464171287471618e+04
2.877904097189955064e+04
2.898122503167326431e+04
2.925050153944151316e+04
2.959385426397134142e+04
3.001236423820075652e+04
3.049640818390699860e+04
3.102128933235607110e+04
3.154663610762510143e+04
3.202304792518647810e+04
3.240565930742029377e+04
3.266819015734672939e+04
3.280906433799616207e+04
3.284681706968804792e+04
3.280946465561484365e+04
3.272460169797336494e+04
3.261387600833766555e+04
3.249210783760261620e+04
3.236767854878263097e+04
3.224629228897648500e+04
3.213155402562750896e+04
3.202600095256268469e+04
3.193126067130379670e+04
3.184799979043359417e+04
3.177587144062105290e+04
3.171354901274272925e+04
3.165891177499493278e+04
3.160948084190026202e+04
3.156314140857323582e+04
3.151898413062111285e+04
3.147797698403550021e+04
3.144316834902707706e+04
3.141935185605498191e+04
3.141234417079094783e+04
3.142814974524178615e+04
3.147225094358078786e+04
3.154914145935613124e+04
3.166215306552087350e+04
3.181358073747932576e+04
3.200504456177062821e+04
3.223786267652989409e+04
3.251313611564660096e+04
3.283134028470990597e+04
3.319153822670897353e+04
3.359058578350416792e+04
3.402287698012984038e+04
3.448097820676179981e+04
3.495708649258245714e+04
3.544478209415879974e+04
3.594027544614139333e+04
3.644322714104556508e+04
3.695249997859402356e+04
3.746768683622667595e+04
3.798271279576102825e+04
3.848347400554705382e+04
