5.000000000000000000e+00
5.036999999999999922e+00
5.073999999999999844e+00
5.110999999999999766e+00
5.147999999999999687e+00
5.184999999999999609e+00
5.222000000000000419e+00
5.259999999999999787e+00
5.296999999999999709e+00
5.333999999999999631e+00
5.371999999999999886e+00
5.410000000000000142e+00
5.448000000000000398e+00
5.485000000000000320e+00
5.522999999999999687e+00
5.560999999999999943e+00
5.599999999999999645e+00
5.637999999999999901e+00
5.676000000000000156e+00
5.714000000000000412e+00
5.753000000000000114e+00
5.791000000000000369e+00
5.830000000000000071e+00
5.868999999999999773e+00
5.908000000000000362e+00
5.947000000000000064e+00
5.985000000000000320e+00
6.025000000000000355e+00
6.064000000000000057e+00
6.102999999999999758e+00
6.142000000000000348e+00
6.182000000000000384e+00
6.221000000000000085e+00
6.261000000000000121e+00
6.299999999999999822e+00
6.339999999999999858e+00
6.379999999999999893e+00
6.419999999999999929e+00
6.459999999999999964e+00
6.500000000000000000e+00
6.540000000000000036e+00
6.580000000000000071e+00
6.620000000000000107e+00
6.660999999999999588e+00
6.700999999999999623e+00
6.741999999999999993e+00
6.782000000000000028e+00
6.823000000000000398e+00
6.863999999999999879e+00
6.905000000000000249e+00
6.945999999999999730e+00
6.987000000000000099e+00
7.027999999999999581e+00
7.068999999999999950e+00
7.110000000000000320e+00
7.152000000000000135e+00
7.192999999999999616e+00
7.233999999999999986e+00
7.275999999999999801e+00
7.317999999999999616e+00
7.358999999999999986e+00
7.400999999999999801e+00
7.442999999999999616e+00
7.485000000000000320e+00
7.527000000000000135e+00
7.568999999999999950e+00
7.610999999999999766e+00
7.653999999999999915e+00
7.695999999999999730e+00
7.738000000000000433e+00
7.780999999999999694e+00
7.823999999999999844e+00
7.865999999999999659e+00
7.908999999999999808e+00
7.951999999999999957e+00
7.995000000000000107e+00
8.038000000000000256e+00
8.080999999999999517e+00
8.124000000000000554e+00
8.166999999999999815e+00
8.210000000000000853e+00
8.253999999999999559e+00
8.297000000000000597e+00
8.339999999999999858e+00
8.384000000000000341e+00
8.428000000000000824e+00
8.471000000000000085e+00
8.515000000000000568e+00
8.558999999999999275e+00
8.602999999999999758e+00
8.647000000000000242e+00
8.691000000000000725e+00
8.734999999999999432e+00
8.778999999999999915e+00
8.823999999999999844e+00
8.868000000000000327e+00
8.913000000000000256e+00
8.957000000000000739e+00
9.002000000000000668e+00
9.045999999999999375e+00
9.090999999999999304e+00
9.135999999999999233e+00
9.180999999999999162e+00
9.226000000000000867e+00
9.271000000000000796e+00
9.316000000000000725e+00
9.361000000000000654e+00
9.406000000000000583e+00
9.451999999999999957e+00
9.496999999999999886e+00
9.542999999999999261e+00
9.587999999999999190e+00
9.634000000000000341e+00
9.679999999999999716e+00
9.724999999999999645e+00
9.771000000000000796e+00
9.817000000000000171e+00
9.862999999999999545e+00
9.909000000000000696e+00
9.955000000000000071e+00
1.000099999999999945e+01
1.004800000000000004e+01
1.009399999999999942e+01
1.014000000000000057e+01
1.018699999999999939e+01
1.023300000000000054e+01
1.027999999999999936e+01
1.032699999999999996e+01
1.037299999999999933e+01
1.041999999999999993e+01
1.046700000000000053e+01
1.051399999999999935e+01
1.056099999999999994e+01
1.060800000000000054e+01
1.065499999999999936e+01
1.070199999999999996e+01
1.075000000000000000e+01
1.079700000000000060e+01
1.084500000000000064e+01
1.089199999999999946e+01
1.093999999999999950e+01
1.098700000000000010e+01
1.103500000000000014e+01
1.108300000000000018e+01
1.113100000000000023e+01
1.117900000000000027e+01
1.122700000000000031e+01
1.127500000000000036e+01
1.132300000000000040e+01
1.137100000000000044e+01
1.141900000000000048e+01
1.146700000000000053e+01
1.151600000000000001e+01
1.156400000000000006e+01
1.161299999999999955e+01
1.166099999999999959e+01
1.171000000000000085e+01
1.175900000000000034e+01
1.180799999999999983e+01
1.185599999999999987e+01
1.190499999999999936e+01
1.195400000000000063e+01
1.200300000000000011e+01
1.205300000000000082e+01
1.210200000000000031e+01
1.215099999999999980e+01
1.219999999999999929e+01
1.225000000000000000e+01
1.229899999999999949e+01
1.234900000000000020e+01
1.239799999999999969e+01
1.244800000000000040e+01
1.249799999999999933e+01
1.254700000000000060e+01
1.259699999999999953e+01
1.264700000000000024e+01
1.269699999999999918e+01
1.274699999999999989e+01
1.279700000000000060e+01
1.284699999999999953e+01
1.289799999999999969e+01
1.294800000000000040e+01
1.299799999999999933e+01
1.304899999999999949e+01
1.309900000000000020e+01
1.315000000000000036e+01
1.319999999999999929e+01
1.325099999999999945e+01
1.330199999999999960e+01
1.335299999999999976e+01
1.340300000000000047e+01
1.345400000000000063e+01
1.350500000000000078e+01
1.355599999999999916e+01
1.360800000000000054e+01
1.365900000000000070e+01
1.371000000000000085e+01
1.376099999999999923e+01
1.381300000000000061e+01
1.386400000000000077e+01
1.391600000000000037e+01
1.396700000000000053e+01
1.401900000000000013e+01
1.407099999999999973e+01
1.412199999999999989e+01
1.417399999999999949e+01
1.422600000000000087e+01
1.427800000000000047e+01
1.433000000000000007e+01
1.438199999999999967e+01
1.443399999999999928e+01
1.448600000000000065e+01
1.453899999999999970e+01
1.459099999999999930e+01
1.464300000000000068e+01
1.469599999999999973e+01
1.474799999999999933e+01
1.480100000000000016e+01
1.485399999999999920e+01
1.490600000000000058e+01
1.495899999999999963e+01
1.501200000000000045e+01
1.506499999999999950e+01
1.511800000000000033e+01
1.517099999999999937e+01
1.522400000000000020e+01
1.527699999999999925e+01
1.533000000000000007e+01
1.538299999999999912e+01
1.543699999999999939e+01
1.549000000000000021e+01
1.554299999999999926e+01
1.559699999999999953e+01
1.565000000000000036e+01
1.570400000000000063e+01
1.575799999999999912e+01
1.581099999999999994e+01
1.586500000000000021e+01
1.591900000000000048e+01
1.597300000000000075e+01
1.602700000000000102e+01
1.608099999999999952e+01
1.613500000000000156e+01
1.618900000000000006e+01
1.624299999999999855e+01
1.629799999999999827e+01
1.635200000000000031e+01
1.640599999999999881e+01
1.646099999999999852e+01
1.651500000000000057e+01
1.657000000000000028e+01
1.662500000000000000e+01
1.667899999999999849e+01
1.673400000000000176e+01
1.678900000000000148e+01
1.684400000000000119e+01
1.689900000000000091e+01
1.695400000000000063e+01
1.700900000000000034e+01
1.706400000000000006e+01
1.711899999999999977e+01
1.717399999999999949e+01
1.722899999999999920e+01
1.728500000000000014e+01
1.733999999999999986e+01
1.739600000000000080e+01
1.745100000000000051e+01
1.750700000000000145e+01
1.756200000000000117e+01
1.761799999999999855e+01
1.767399999999999949e+01
1.772899999999999920e+01
1.778500000000000014e+01
1.784100000000000108e+01
1.789699999999999847e+01
1.795299999999999940e+01
1.800900000000000034e+01
1.806599999999999895e+01
1.812199999999999989e+01
1.817800000000000082e+01
1.823400000000000176e+01
1.829100000000000037e+01
1.834700000000000131e+01
1.840399999999999991e+01
1.846000000000000085e+01
1.851699999999999946e+01
1.857300000000000040e+01
1.862999999999999901e+01
1.868700000000000117e+01
1.874399999999999977e+01
1.880099999999999838e+01
1.885800000000000054e+01
1.891499999999999915e+01
1.897200000000000131e+01
1.902899999999999991e+01
1.908599999999999852e+01
1.914300000000000068e+01
1.920100000000000051e+01
1.925799999999999912e+01
1.931500000000000128e+01
1.937300000000000111e+01
1.942999999999999972e+01
1.948799999999999955e+01
1.954500000000000171e+01
1.960300000000000153e+01
1.966100000000000136e+01
1.971900000000000119e+01
1.977700000000000102e+01
1.983399999999999963e+01
1.989199999999999946e+01
1.994999999999999929e+01
2.000799999999999912e+01
2.006700000000000017e+01
2.012500000000000000e+01
2.018299999999999983e+01
2.024099999999999966e+01
2.030000000000000071e+01
2.035800000000000054e+01
2.041700000000000159e+01
2.047500000000000142e+01
2.053399999999999892e+01
2.059199999999999875e+01
2.065099999999999980e+01
2.071000000000000085e+01
2.076899999999999835e+01
2.082700000000000173e+01
2.088599999999999923e+01
2.094500000000000028e+01
2.100400000000000134e+01
2.106299999999999883e+01
2.112199999999999989e+01
2.118199999999999861e+01
2.124099999999999966e+01
2.130000000000000071e+01
2.135900000000000176e+01
2.141900000000000048e+01
2.147800000000000153e+01
2.153800000000000026e+01
2.159700000000000131e+01
2.165700000000000003e+01
2.171699999999999875e+01
2.177599999999999980e+01
2.183599999999999852e+01
2.189600000000000080e+01
2.195599999999999952e+01
2.201599999999999824e+01
2.207600000000000051e+01
2.213599999999999923e+01
2.219600000000000151e+01
2.225600000000000023e+01
2.231599999999999895e+01
2.237699999999999889e+01
2.243700000000000117e+01
2.249699999999999989e+01
2.255799999999999983e+01
2.261799999999999855e+01
2.267899999999999849e+01
2.273900000000000077e+01
2.280000000000000071e+01
2.286100000000000065e+01
2.292099999999999937e+01
2.298199999999999932e+01
2.304299999999999926e+01
2.310399999999999920e+01
2.316499999999999915e+01
2.322599999999999909e+01
2.328699999999999903e+01
2.334799999999999898e+01
2.340899999999999892e+01
2.346999999999999886e+01
2.353200000000000003e+01
2.359299999999999997e+01
2.365399999999999991e+01
2.371600000000000108e+01
2.377700000000000102e+01
2.383899999999999864e+01
2.389999999999999858e+01
2.396199999999999974e+01
2.402400000000000091e+01
2.408500000000000085e+01
2.414699999999999847e+01
2.420899999999999963e+01
2.427100000000000080e+01
2.433299999999999841e+01
2.439499999999999957e+01
2.445700000000000074e+01
2.451899999999999835e+01
2.458099999999999952e+01
2.464399999999999835e+01
2.470599999999999952e+01
2.476800000000000068e+01
2.482999999999999829e+01
2.489300000000000068e+01
2.495499999999999829e+01
2.501800000000000068e+01
2.507999999999999829e+01
2.514300000000000068e+01
2.520599999999999952e+01
2.526800000000000068e+01
2.533099999999999952e+01
2.539399999999999835e+01
2.545700000000000074e+01
2.551999999999999957e+01
2.558299999999999841e+01
2.564600000000000080e+01
2.570899999999999963e+01
2.577199999999999847e+01
2.583500000000000085e+01
2.589900000000000091e+01
2.596199999999999974e+01
2.602499999999999858e+01
2.608899999999999864e+01
2.615200000000000102e+01
2.621600000000000108e+01
2.627899999999999991e+01
2.634299999999999997e+01
2.640599999999999881e+01
2.646999999999999886e+01
2.653399999999999892e+01
2.659799999999999898e+01
2.666100000000000136e+01
2.672500000000000142e+01
2.678900000000000148e+01
2.685300000000000153e+01
2.691700000000000159e+01
2.698100000000000165e+01
2.704599999999999937e+01
2.710999999999999943e+01
2.717399999999999949e+01
2.723799999999999955e+01
2.730300000000000082e+01
2.736700000000000088e+01
2.743199999999999861e+01
2.749599999999999866e+01
2.756099999999999994e+01
2.762500000000000000e+01
2.769000000000000128e+01
2.775499999999999901e+01
2.781899999999999906e+01
2.788400000000000034e+01
2.794900000000000162e+01
2.801399999999999935e+01
2.807900000000000063e+01
2.814399999999999835e+01
2.820899999999999963e+01
2.827400000000000091e+01
2.833899999999999864e+01
2.840399999999999991e+01
2.846999999999999886e+01
2.853500000000000014e+01
2.860000000000000142e+01
2.866600000000000037e+01
2.873100000000000165e+01
2.879700000000000060e+01
2.886199999999999832e+01
2.892800000000000082e+01
2.899299999999999855e+01
2.905900000000000105e+01
2.912500000000000000e+01
2.919099999999999895e+01
2.925700000000000145e+01
2.932199999999999918e+01
2.938800000000000168e+01
2.945400000000000063e+01
2.951999999999999957e+01
2.958599999999999852e+01
2.965299999999999869e+01
2.971900000000000119e+01
2.978500000000000014e+01
2.985099999999999909e+01
2.991799999999999926e+01
2.998400000000000176e+01
3.005000000000000071e+01
3.011700000000000088e+01
3.018299999999999983e+01
3.025000000000000000e+01
3.031700000000000017e+01
3.038299999999999912e+01
3.044999999999999929e+01
3.051699999999999946e+01
3.058399999999999963e+01
3.064999999999999858e+01
3.071699999999999875e+01
3.078399999999999892e+01
3.085099999999999909e+01
3.091799999999999926e+01
3.098499999999999943e+01
3.105300000000000082e+01
3.112000000000000099e+01
3.118700000000000117e+01
3.125400000000000134e+01
3.132199999999999918e+01
3.138899999999999935e+01
3.145599999999999952e+01
3.152400000000000091e+01
3.159100000000000108e+01
3.165899999999999892e+01
3.172700000000000031e+01
3.179400000000000048e+01
3.186199999999999832e+01
3.192999999999999972e+01
3.199800000000000111e+01
3.206600000000000250e+01
3.213300000000000267e+01
3.220100000000000051e+01
3.226899999999999835e+01
3.233700000000000330e+01
3.240599999999999881e+01
3.247399999999999665e+01
3.254200000000000159e+01
3.260999999999999943e+01
3.267799999999999727e+01
3.274699999999999989e+01
3.281499999999999773e+01
3.288400000000000034e+01
3.295199999999999818e+01
3.302100000000000080e+01
3.308899999999999864e+01
3.315800000000000125e+01
3.322599999999999909e+01
3.329500000000000171e+01
3.336399999999999721e+01
3.343299999999999983e+01
3.350200000000000244e+01
3.357000000000000028e+01
3.363900000000000290e+01
3.370799999999999841e+01
3.377700000000000102e+01
3.384700000000000131e+01
3.391599999999999682e+01
3.398499999999999943e+01
3.405400000000000205e+01
3.412299999999999756e+01
3.419299999999999784e+01
3.426200000000000045e+01
3.433100000000000307e+01
3.440100000000000335e+01
3.446999999999999886e+01
3.453999999999999915e+01
3.460999999999999943e+01
3.467900000000000205e+01
3.474900000000000233e+01
3.481900000000000261e+01
3.488799999999999812e+01
3.495799999999999841e+01
3.502799999999999869e+01
3.509799999999999898e+01
3.516799999999999926e+01
3.523799999999999955e+01
3.530799999999999983e+01
3.537800000000000011e+01
3.544800000000000040e+01
3.551899999999999835e+01
3.558899999999999864e+01
3.565899999999999892e+01
3.572899999999999920e+01
3.579999999999999716e+01
3.586999999999999744e+01
3.594100000000000250e+01
3.601100000000000279e+01
3.608200000000000074e+01
3.615200000000000102e+01
3.622299999999999898e+01
3.629399999999999693e+01
3.636399999999999721e+01
3.643500000000000227e+01
3.650600000000000023e+01
3.657699999999999818e+01
3.664800000000000324e+01
3.671900000000000119e+01
3.678999999999999915e+01
3.686099999999999710e+01
3.693200000000000216e+01
3.700300000000000011e+01
3.707399999999999807e+01
3.714600000000000080e+01
3.721699999999999875e+01
3.728799999999999670e+01
3.735999999999999943e+01
3.743099999999999739e+01
3.750200000000000244e+01
3.757399999999999807e+01
3.764600000000000080e+01
3.771699999999999875e+01
3.778900000000000148e+01
3.785999999999999943e+01
3.793200000000000216e+01
3.800399999999999778e+01
3.807600000000000051e+01
3.814800000000000324e+01
3.821999999999999886e+01
3.829200000000000159e+01
3.836399999999999721e+01
3.843599999999999994e+01
3.850800000000000267e+01
3.857999999999999829e+01
3.865200000000000102e+01
3.872399999999999665e+01
3.879699999999999704e+01
3.886899999999999977e+01
3.894100000000000250e+01
3.901400000000000290e+01
3.908599999999999852e+01
3.915899999999999892e+01
3.923100000000000165e+01
3.930400000000000205e+01
3.937599999999999767e+01
3.944899999999999807e+01
3.952199999999999847e+01
3.959400000000000119e+01
3.966700000000000159e+01
3.974000000000000199e+01
3.981300000000000239e+01
3.988600000000000279e+01
3.995900000000000318e+01
4.003199999999999648e+01
4.010499999999999687e+01
4.017799999999999727e+01
4.025099999999999767e+01
4.032399999999999807e+01
4.039800000000000324e+01
4.047099999999999653e+01
4.054399999999999693e+01
4.061800000000000210e+01
4.069100000000000250e+01
4.076500000000000057e+01
4.083800000000000097e+01
4.091199999999999903e+01
4.098499999999999943e+01
4.105899999999999750e+01
4.113300000000000267e+01
4.120600000000000307e+01
4.128000000000000114e+01
4.135399999999999920e+01
4.142799999999999727e+01
4.150200000000000244e+01
