4.247666086478443792e-01
4.057612878485384322e-01
3.889400206949699124e-01
3.732022967661152157e-01
3.581254848497590348e-01
3.457235762229039500e-01
3.348402745043039253e-01
3.244774581315443274e-01
3.161445015890826382e-01
3.070278518869017925e-01
2.990851488813842662e-01
2.934400494173726726e-01
2.874536612101925570e-01
2.826203545367958481e-01
2.790863989717801141e-01
2.758255876829514008e-01
2.736904500302698162e-01
2.714389170073390756e-01
2.694620818017567365e-01
2.685758886375058108e-01
2.677904832724843920e-01
2.670830488378322931e-01
2.665446129385564689e-01
2.668708930273212543e-01
2.673715748418903915e-01
2.693057886355805230e-01
2.749359816563290981e-01
2.774652464559170806e-01
2.792144374001364060e-01
2.812980997704744301e-01
2.824805558221153978e-01
2.841848476728392470e-01
2.856489538533110717e-01
2.870475493969986691e-01
2.883647092348997076e-01
2.897099665716748040e-01
2.900943301200477609e-01
2.897158636838841339e-01
2.892496731518507391e-01
2.882947353733016915e-01
2.863461143715398394e-01
2.848049913428010727e-01
2.829226213173042792e-01
2.810636225168502977e-01
2.797997599568878835e-01
2.767474055363825514e-01
2.733286775685465075e-01
2.694738523122699458e-01
2.645847647150312842e-01
2.601057072219082889e-01
2.551242528281681410e-01
2.499603056562909875e-01
2.444322032441109682e-01
2.388821119646860058e-01
2.329598145907756102e-01
2.263968171253849526e-01
2.195128432287491715e-01
2.119903117048480001e-01
2.046844175135957844e-01
1.976833866749263813e-01
1.907199662801115914e-01
1.836536595090643154e-01
1.756429815936799144e-01
1.677522121557046553e-01
1.601834878468017531e-01
1.526217795107085440e-01
1.451389338116072236e-01
1.379185465743424099e-01
1.309220484147678998e-01
1.240882875996871110e-01
1.176374338512688328e-01
1.113067004149535383e-01
1.053128239896318763e-01
9.947463436962705741e-02
9.382290103531010228e-02
8.859900790852140440e-02
8.350061822573287551e-02
7.868835095013644587e-02
7.395437635092200201e-02
6.966586243441171000e-02
6.561720963674820550e-02
6.153737616137420346e-02
5.772171285010348207e-02
5.418566163109597017e-02
5.097219773967823220e-02
4.772313450729597645e-02
4.461830716192078522e-02
4.178296204138976649e-02
3.931055797383158773e-02
3.695896284680041249e-02
3.464344246326933607e-02
3.243557168830184245e-02
3.035872609157238416e-02
2.831565402886616553e-02
2.640817033078127901e-02
2.470034172616352927e-02
2.309675637177616148e-02
2.158992151793050554e-02
2.005477600785801270e-02
1.860731005332796895e-02
1.725190528407374510e-02
1.603827970380902745e-02
1.489680198066653527e-02
1.384588086315565077e-02
1.282931621822059297e-02
1.185575287641946543e-02
1.095094001359406960e-02
1.012726441849022378e-02
9.330807795425034856e-03
8.607730270960543134e-03
7.911183128615068699e-03
7.261530323036506814e-03
6.648998335430554574e-03
6.097358194158987270e-03
5.603522883996792103e-03
5.129589379943559624e-03
4.690455058727722830e-03
4.287757484602814154e-03
3.903173152977782150e-03
3.560617629474141944e-03
3.246273101640416610e-03
2.945263277096608293e-03
2.677331465279738157e-03
2.421493447802963370e-03
2.193919136612250496e-03
1.988804376407601968e-03
1.809021325504321480e-03
1.650034611929216809e-03
1.502439570049134794e-03
1.372222266236716032e-03
1.250071196806215373e-03
1.137032810249623748e-03
1.033993565366182884e-03
9.426960457879106012e-04
8.603197398140648416e-04
7.834502136054964519e-04
7.132603586410226531e-04
6.517925070473242627e-04
5.962155738072689353e-04
5.438359289762047721e-04
4.976406141311346580e-04
4.555429790141704289e-04
4.161497160648454830e-04
3.801500947822292632e-04
3.498480142511404037e-04
3.218099497771781240e-04
2.959806153688859971e-04
2.737056705616960233e-04
2.532478178718142832e-04
2.355496172750510782e-04
2.195425239233145427e-04
2.047453313060266318e-04
1.904103801632869874e-04
1.777592562202045482e-04
1.660517115501324405e-04
1.555770252293630913e-04
1.461809721839525764e-04
1.374268614173526865e-04
1.296974054727243679e-04
1.223636055761395615e-04
1.155485486123397870e-04
1.093998177672671251e-04
1.036213062605180203e-04
9.826956534144874842e-05
9.321738190425996463e-05
8.835838158912054136e-05
8.392859956203901396e-05
7.995752997311902672e-05
7.622440615991474971e-05
7.286124666630766536e-05
6.943439870062827104e-05
6.633032051116612051e-05
6.348601766382803676e-05
6.063511957894122934e-05
5.811816780461198385e-05
5.550232761882910434e-05
5.309088531098803392e-05
5.070071937779214359e-05
4.848496287911377482e-05
4.652300775739561862e-05
4.462509326011973359e-05
4.272155057990049151e-05
4.091881450690493293e-05
3.918065428997480072e-05
3.758134976550207504e-05
3.601690617902232475e-05
3.443541146583929723e-05
3.296860682375621539e-05
3.162645962430174490e-05
3.029676403929777091e-05
2.900420276293800314e-05
2.776732031636072983e-05
2.664122923248004167e-05
2.558148702617848164e-05
2.455536164545846768e-05
2.352655009273223457e-05
2.258429181771355769e-05
2.163953526255026001e-05
2.069593433849460897e-05
1.976249146142501439e-05
1.886607795554869551e-05
1.802798973282284723e-05
1.728560215934507279e-05
1.654307230606561559e-05
1.579274064025220961e-05
1.505896178668347535e-05
1.437236183998160614e-05
1.374076806040315082e-05
1.313927043503198411e-05
1.253886863444266182e-05
1.195127909073073150e-05
1.144278962471603126e-05
1.095054202880587224e-05
1.047130663005038632e-05
9.995116397780104959e-06
9.554391265389992950e-06
9.128437428457137284e-06
8.716796293868472325e-06
8.294893071832405476e-06
7.894766928376165306e-06
7.508787320292672500e-06
7.161977728037692850e-06
6.824588057593665951e-06
6.486784555492605849e-06
6.161248720220016067e-06
5.846235233618725636e-06
5.555868080943527651e-06
5.264593009815495274e-06
5.013579598592468686e-06
4.764517047858330228e-06
4.529693742681968645e-06
4.298833665416950136e-06
4.082160685756527546e-06
3.883621239712554646e-06
3.689332120547146891e-06
3.501647282986362938e-06
3.313469007036218316e-06
3.145730990969366299e-06
2.981307321016373917e-06
2.815985390434546919e-06
2.659813187120192717e-06
2.513748628084513102e-06
2.373911992072299906e-06
2.242499787736353579e-06
2.116762668967600782e-06
1.997100564889077377e-06
1.888246515959235638e-06
1.787154928235348311e-06
1.690003795823249342e-06
1.595276509674470754e-06
1.514135826663149695e-06
1.435083635511564133e-06
1.359567574726689661e-06
1.277058679553464828e-06
1.211083317018896118e-06
1.149608222331854106e-06
1.083015687892113620e-06
1.026742161092200593e-06
9.698814165639731195e-07
9.175864299220914115e-07
8.694418094929249271e-07
8.238187249541702318e-07
7.779416588781323135e-07
7.360413275253845880e-07
6.969465157878460053e-07
6.594442334314057751e-07
6.247936941736077980e-07
5.927158562010985179e-07
5.613531675755530455e-07
5.321547180577865190e-07
5.057011726098828845e-07
4.802604643203703363e-07
4.553097004991671987e-07
4.316878527127707208e-07
4.097937601700615573e-07
3.895186409441005935e-07
3.702702083235327638e-07
3.514512987662427171e-07
3.347405963682485629e-07
3.192571861394441996e-07
3.042325252048685959e-07
2.884076739200171730e-07
2.681980070063273918e-07
2.552191521645244233e-07
2.424281755748529700e-07
2.306509547736561345e-07
2.196316488174802171e-07
2.101844711413069986e-07
1.992159303956915599e-07
1.899630430960103000e-07
1.817837820280875977e-07
1.730369271520845170e-07
1.660845585333052638e-07
1.591894527943923464e-07
1.514709738691239122e-07
1.451146322281665368e-07
1.368294003843934866e-07
1.316162868315726478e-07
1.262228848043688845e-07
1.209416091658942711e-07
1.143490018040798708e-07
1.094414966472290383e-07
1.032959879747579518e-07
9.626523439924318006e-08
9.237405466037917999e-08
8.785570260658017927e-08
8.347472981468164318e-08
8.030951092997014367e-08
7.719202689177479815e-08
7.448072736667248233e-08
7.105149786401832196e-08
6.516892588620894767e-08
6.208822091753042460e-08
5.864445542046154510e-08
5.643797523864974701e-08
5.298088985295502850e-08
5.094961126091339313e-08
4.659659584481881328e-08
4.469368786521044557e-08
4.169202502240771902e-08
4.005570852662650009e-08
3.850415587409089693e-08
3.708410984583009569e-08
3.582479022968851222e-08
3.465194746084138197e-08
3.352199160343423352e-08
3.202943073314754098e-08
2.979693580950374420e-08
2.879263175825570527e-08
2.781853237881388188e-08
2.683159810413590728e-08
2.587671260989098082e-08
2.431937646776090379e-08
2.350268213587501672e-08
2.270108423627705095e-08
2.097409208481598249e-08
1.948874046273560109e-08
1.885817308085716767e-08
1.681781975326122911e-08
1.628211150634889968e-08
1.575731662698350021e-08
1.520016675533281009e-08
1.266407753612917955e-08
1.223080607938479785e-08
1.182886884394693708e-08
1.043304311865468175e-08
1.007317013746728802e-08
9.724618926004700951e-09
9.390657527126319001e-09
8.158695772473321252e-09
7.089720259653509880e-09
5.031049422008318648e-09
4.873760318308937298e-09
3.905385517057291935e-09
3.780707939070164403e-09
3.663576624907863286e-09
3.550614128228909526e-09
3.441592220434106316e-09
2.537115744599605697e-09
2.458448184738618790e-09
2.382419505936582586e-09
2.309070886373482000e-09
2.238297703159846179e-09
1.217381390965343946e-09
1.178877022052709827e-09
1.141688464176235127e-09
1.105811605317228050e-09
1.071224986051953218e-09
1.037801649069722473e-09
1.005596801209935006e-09
9.744882671391561045e-10
9.444408739249606804e-10
9.154722227271212232e-10
8.874594659674395794e-10
