5.000000000000000000e+00
5.036999999999999922e+00
5.073999999999999844e+00
5.110999999999999766e+00
5.147999999999999687e+00
5.184999999999999609e+00
5.222000000000000419e+00
5.259999999999999787e+00
5.296999999999999709e+00
5.333999999999999631e+00
5.371999999999999886e+00
5.410000000000000142e+00
5.448000000000000398e+00
5.485000000000000320e+00
5.522999999999999687e+00
5.560999999999999943e+00
5.599000000000000199e+00
5.637999999999999901e+00
5.676000000000000156e+00
5.714000000000000412e+00
5.753000000000000114e+00
5.791000000000000369e+00
5.830000000000000071e+00
5.868999999999999773e+00
5.908000000000000362e+00
5.945999999999999730e+00
5.985000000000000320e+00
6.024000000000000021e+00
6.064000000000000057e+00
6.102999999999999758e+00
6.142000000000000348e+00
6.181000000000000050e+00
6.221000000000000085e+00
6.261000000000000121e+00
6.299999999999999822e+00
6.339999999999999858e+00
6.379999999999999893e+00
6.419999999999999929e+00
6.459999999999999964e+00
6.500000000000000000e+00
6.540000000000000036e+00
6.580000000000000071e+00
6.620000000000000107e+00
6.660999999999999588e+00
6.700999999999999623e+00
6.741999999999999993e+00
6.782000000000000028e+00
6.823000000000000398e+00
6.863999999999999879e+00
6.905000000000000249e+00
6.945000000000000284e+00
6.985999999999999766e+00
7.027999999999999581e+00
7.068999999999999950e+00
7.110000000000000320e+00
7.150999999999999801e+00
7.192999999999999616e+00
7.233999999999999986e+00
7.275999999999999801e+00
7.317000000000000171e+00
7.358999999999999986e+00
7.400999999999999801e+00
7.442999999999999616e+00
7.485000000000000320e+00
7.527000000000000135e+00
7.568999999999999950e+00
7.610999999999999766e+00
7.652999999999999581e+00
7.695999999999999730e+00
7.738000000000000433e+00
7.780999999999999694e+00
7.823000000000000398e+00
7.865999999999999659e+00
7.908999999999999808e+00
7.950999999999999623e+00
7.993999999999999773e+00
8.037000000000000810e+00
8.080000000000000071e+00
8.122999999999999332e+00
8.166999999999999815e+00
8.210000000000000853e+00
8.253000000000000114e+00
8.297000000000000597e+00
8.339999999999999858e+00
8.384000000000000341e+00
8.426999999999999602e+00
8.471000000000000085e+00
8.515000000000000568e+00
8.558999999999999275e+00
8.602999999999999758e+00
8.647000000000000242e+00
8.691000000000000725e+00
8.734999999999999432e+00
8.778999999999999915e+00
8.823000000000000398e+00
8.868000000000000327e+00
8.912000000000000810e+00
8.957000000000000739e+00
9.000999999999999446e+00
9.045999999999999375e+00
9.090999999999999304e+00
9.135999999999999233e+00
9.180999999999999162e+00
9.224999999999999645e+00
9.271000000000000796e+00
9.316000000000000725e+00
9.361000000000000654e+00
9.406000000000000583e+00
9.451000000000000512e+00
9.496999999999999886e+00
9.541999999999999815e+00
9.587999999999999190e+00
9.632999999999999119e+00
9.679000000000000270e+00
9.724999999999999645e+00
9.771000000000000796e+00
9.817000000000000171e+00
9.862999999999999545e+00
9.909000000000000696e+00
9.955000000000000071e+00
1.000099999999999945e+01
1.004700000000000060e+01
1.009299999999999997e+01
1.014000000000000057e+01
1.018599999999999994e+01
1.023300000000000054e+01
1.027899999999999991e+01
1.032600000000000051e+01
1.037299999999999933e+01
1.041999999999999993e+01
1.046599999999999930e+01
1.051299999999999990e+01
1.056000000000000050e+01
1.060800000000000054e+01
1.065499999999999936e+01
1.070199999999999996e+01
1.074900000000000055e+01
1.079700000000000060e+01
1.084399999999999942e+01
1.089199999999999946e+01
1.093900000000000006e+01
1.098700000000000010e+01
1.103400000000000070e+01
1.108200000000000074e+01
1.113000000000000078e+01
1.117800000000000082e+01
1.122600000000000087e+01
1.127399999999999913e+01
1.132199999999999918e+01
1.136999999999999922e+01
1.141799999999999926e+01
1.146700000000000053e+01
1.151500000000000057e+01
1.156400000000000006e+01
1.161200000000000010e+01
1.166099999999999959e+01
1.170899999999999963e+01
1.175799999999999912e+01
1.180700000000000038e+01
1.185599999999999987e+01
1.190499999999999936e+01
1.195400000000000063e+01
1.200300000000000011e+01
1.205199999999999960e+01
1.210100000000000087e+01
1.215000000000000036e+01
1.219999999999999929e+01
1.224900000000000055e+01
1.229800000000000004e+01
1.234800000000000075e+01
1.239700000000000024e+01
1.244699999999999918e+01
1.249699999999999989e+01
1.254700000000000060e+01
1.259600000000000009e+01
1.264600000000000080e+01
1.269599999999999973e+01
1.274600000000000044e+01
1.279599999999999937e+01
1.284699999999999953e+01
1.289700000000000024e+01
1.294699999999999918e+01
1.299699999999999989e+01
1.304800000000000004e+01
1.309800000000000075e+01
1.314899999999999913e+01
1.319999999999999929e+01
1.325000000000000000e+01
1.330100000000000016e+01
1.335200000000000031e+01
1.340300000000000047e+01
1.345400000000000063e+01
1.350500000000000078e+01
1.355599999999999916e+01
1.360699999999999932e+01
1.365799999999999947e+01
1.370899999999999963e+01
1.375999999999999979e+01
1.381199999999999939e+01
1.386299999999999955e+01
1.391499999999999915e+01
1.396599999999999930e+01
1.401800000000000068e+01
1.407000000000000028e+01
1.412100000000000044e+01
1.417300000000000004e+01
1.422499999999999964e+01
1.427699999999999925e+01
1.432900000000000063e+01
1.438100000000000023e+01
1.443299999999999983e+01
1.448499999999999943e+01
1.453800000000000026e+01
1.458999999999999986e+01
1.464199999999999946e+01
1.469500000000000028e+01
1.474699999999999989e+01
1.480000000000000071e+01
1.485299999999999976e+01
1.490499999999999936e+01
1.495800000000000018e+01
1.501099999999999923e+01
1.506400000000000006e+01
1.511700000000000088e+01
1.516999999999999993e+01
1.522300000000000075e+01
1.527599999999999980e+01
1.532900000000000063e+01
1.538199999999999967e+01
1.543599999999999994e+01
1.548900000000000077e+01
1.554199999999999982e+01
1.559600000000000009e+01
1.564899999999999913e+01
1.570299999999999940e+01
1.575699999999999967e+01
1.581000000000000050e+01
1.586400000000000077e+01
1.591799999999999926e+01
1.597199999999999953e+01
1.602599999999999980e+01
1.607999999999999829e+01
1.613400000000000034e+01
1.618799999999999883e+01
1.624200000000000088e+01
1.629700000000000060e+01
1.635099999999999909e+01
1.640500000000000114e+01
1.646000000000000085e+01
1.651399999999999935e+01
1.656899999999999906e+01
1.662300000000000111e+01
1.667800000000000082e+01
1.673300000000000054e+01
1.678800000000000026e+01
1.684199999999999875e+01
1.689699999999999847e+01
1.695200000000000173e+01
1.700700000000000145e+01
1.706200000000000117e+01
1.711799999999999855e+01
1.717299999999999827e+01
1.722800000000000153e+01
1.728300000000000125e+01
1.733899999999999864e+01
1.739399999999999835e+01
1.744999999999999929e+01
1.750499999999999901e+01
1.756099999999999994e+01
1.761700000000000088e+01
1.767200000000000060e+01
1.772800000000000153e+01
1.778399999999999892e+01
1.783999999999999986e+01
1.789600000000000080e+01
1.795200000000000173e+01
1.800799999999999912e+01
1.806400000000000006e+01
1.812000000000000099e+01
1.817699999999999960e+01
1.823300000000000054e+01
1.828900000000000148e+01
1.834600000000000009e+01
1.840200000000000102e+01
1.845899999999999963e+01
1.851500000000000057e+01
1.857199999999999918e+01
1.862900000000000134e+01
1.868499999999999872e+01
1.874200000000000088e+01
1.879899999999999949e+01
1.885600000000000165e+01
1.891300000000000026e+01
1.896999999999999886e+01
1.902700000000000102e+01
1.908399999999999963e+01
1.914199999999999946e+01
1.919900000000000162e+01
1.925600000000000023e+01
1.931400000000000006e+01
1.937099999999999866e+01
1.942899999999999849e+01
1.948600000000000065e+01
1.954400000000000048e+01
1.960200000000000031e+01
1.965899999999999892e+01
1.971699999999999875e+01
1.977499999999999858e+01
1.983299999999999841e+01
1.989099999999999824e+01
1.994900000000000162e+01
2.000700000000000145e+01
2.006500000000000128e+01
2.012300000000000111e+01
2.018100000000000094e+01
2.023999999999999844e+01
2.029799999999999827e+01
2.035600000000000165e+01
2.041499999999999915e+01
2.047299999999999898e+01
2.053200000000000003e+01
2.059100000000000108e+01
2.064900000000000091e+01
2.070799999999999841e+01
2.076699999999999946e+01
2.082600000000000051e+01
2.088500000000000156e+01
2.094399999999999906e+01
2.100300000000000011e+01
2.106200000000000117e+01
2.112099999999999866e+01
2.117999999999999972e+01
2.123900000000000077e+01
2.129799999999999827e+01
2.135800000000000054e+01
2.141700000000000159e+01
2.147700000000000031e+01
2.153600000000000136e+01
2.159600000000000009e+01
2.165500000000000114e+01
2.171499999999999986e+01
2.177499999999999858e+01
2.183399999999999963e+01
2.189399999999999835e+01
2.195400000000000063e+01
2.201399999999999935e+01
2.207400000000000162e+01
2.213400000000000034e+01
2.219399999999999906e+01
2.225400000000000134e+01
2.231400000000000006e+01
2.237500000000000000e+01
2.243499999999999872e+01
2.249500000000000099e+01
2.255600000000000094e+01
2.261599999999999966e+01
2.267699999999999960e+01
2.273699999999999832e+01
2.279799999999999827e+01
2.285900000000000176e+01
2.291900000000000048e+01
2.298000000000000043e+01
2.304100000000000037e+01
2.310200000000000031e+01
2.316300000000000026e+01
2.322400000000000020e+01
2.328500000000000014e+01
2.334600000000000009e+01
2.340700000000000003e+01
2.346799999999999997e+01
2.353000000000000114e+01
2.359100000000000108e+01
2.365200000000000102e+01
2.371399999999999864e+01
