6.440835343333108920e-01
6.149515846144411046e-01
5.886857622848548077e-01
5.619778332822301659e-01
5.374071474874412280e-01
5.164476860696476379e-01
4.965357851006965140e-01
4.766692625209266732e-01
4.592566438112014593e-01
4.422036169989386756e-01
4.261319406371291141e-01
4.112395772241571046e-01
3.973342269317045039e-01
3.849767026517141866e-01
3.722202536304548004e-01
3.612771024544642606e-01
3.499134907438302688e-01
3.392683819839484305e-01
3.303004670704638435e-01
3.216719546606910951e-01
3.137943510065753228e-01
3.063306423914779475e-01
3.000492237302785914e-01
2.945996304174712255e-01
2.887860164744499580e-01
2.847773825602935016e-01
2.856639829638531469e-01
2.830080158486554809e-01
2.789328030009836645e-01
2.757089965974425794e-01
2.722686671879153142e-01
2.682468004099718972e-01
2.649300496445472497e-01
2.615581713859967405e-01
2.588546469431416974e-01
2.555943007058851801e-01
2.526089635747043594e-01
2.504203337556356046e-01
2.480308485500155591e-01
2.463731041012349188e-01
2.446610899077119872e-01
2.431269206140450334e-01
2.417211654566762125e-01
2.394351076805820988e-01
2.384447921218122712e-01
2.370309546558860558e-01
2.357951269601921418e-01
2.348235525522765210e-01
2.341636570937035144e-01
2.327142677664597592e-01
2.323904809280983308e-01
2.325578000876792062e-01
2.327720201881090245e-01
2.320446268055288142e-01
2.321143383337927468e-01
2.322485715041683052e-01
2.320236859200471569e-01
2.312661260701507626e-01
2.308698351387081793e-01
2.311232968349734851e-01
2.305703722201929706e-01
2.310183880669878509e-01
2.305378074818847101e-01
2.301918499157888931e-01
2.300812823439155608e-01
2.306438421035555686e-01
2.304366738720639574e-01
2.301552718596635572e-01
2.297720826967646068e-01
2.299209076727682100e-01
2.300275734643710546e-01
2.296134748760133015e-01
2.296164945591458173e-01
2.282044060465691082e-01
2.259595931122692081e-01
2.259353473650154431e-01
2.252630500199842289e-01
2.240656309197439633e-01
2.223917758904088438e-01
2.211723298224097245e-01
2.201122627642342344e-01
2.188584039310822460e-01
2.180810330573509370e-01
2.172413661083444358e-01
2.168742183196769036e-01
2.165990662934920985e-01
2.166073717652231834e-01
2.165965473549210374e-01
2.159584915368352454e-01
2.149714502231194757e-01
2.142853268232551567e-01
2.132758562907087485e-01
2.117134881888865228e-01
2.108176355688429759e-01
2.103180381448323255e-01
2.086031387818224059e-01
2.071998974633081636e-01
2.062673561643430797e-01
2.051877297200916661e-01
2.034993821304260375e-01
2.026098589147375117e-01
2.005850937870503337e-01
1.988217037484400207e-01
1.971619941496414452e-01
1.958819437113481499e-01
1.948578883776212467e-01
1.934264685927770955e-01
1.919775767012108503e-01
1.909188141578403164e-01
1.897043867496539249e-01
1.881622679652802665e-01
1.867986192194875661e-01
1.855795832842804804e-01
1.840628278971745690e-01
1.828679052808908356e-01
1.820296040861837106e-01
1.805936822545380349e-01
1.791700893689222307e-01
1.781517457393148596e-01
1.769566754756917992e-01
1.754402176086777010e-01
1.738093746602783485e-01
1.724819759649198481e-01
1.709110551428331681e-01
1.698413192108544911e-01
1.691225209792863171e-01
1.676717003702478115e-01
1.662920765231368503e-01
1.652506443464455410e-01
1.638794343794554853e-01
1.623726575806466454e-01
1.609835068686045478e-01
1.596975179272196732e-01
1.589429644044296486e-01
1.579403266290317076e-01
1.564978017808196786e-01
1.549394508868657538e-01
1.533191930148496973e-01
1.516400094453081437e-01
1.500806890238510216e-01
1.484990284575052610e-01
1.469448044419316146e-01
1.455118281916486511e-01
1.445920448864924102e-01
1.429572763848415695e-01
1.415381648765152434e-01
1.403555395364414482e-01
1.386873449432860783e-01
1.371312487718123474e-01
1.355354541251050926e-01
1.341595055472241671e-01
1.326548652371732917e-01
1.311389187388989630e-01
1.297518388695548253e-01
1.281612326262423218e-01
1.262396617836097634e-01
1.244145119863199062e-01
1.226788681920433083e-01
1.208893091381554874e-01
1.185172112162632962e-01
1.164276979295890968e-01
1.145136644468104647e-01
1.126456073561214605e-01
1.107111922148267119e-01
1.088211872492395593e-01
1.067320224254413169e-01
1.047135152190929730e-01
1.027831468454631358e-01
1.010120486762967895e-01
9.911310713060238198e-02
9.732748747505259868e-02
9.552782612360470604e-02
9.370997789060568628e-02
9.189044250063374553e-02
9.023099665777749301e-02
8.831920976885711261e-02
8.624818193553142331e-02
8.416482385782413089e-02
8.219561024436142227e-02
8.008842182945212496e-02
7.825240211772835353e-02
7.639405407767009548e-02
7.443756335555683223e-02
7.229227388011183475e-02
7.013084320835948071e-02
6.809697775785988894e-02
6.616548251710883954e-02
6.423298407570064705e-02
6.238003872594787003e-02
6.062310824042819318e-02
5.896966660766644192e-02
5.734143696756950626e-02
5.571391956870804657e-02
5.392631697209821634e-02
5.214640896096513906e-02
5.062892678290244197e-02
4.900881455976621032e-02
4.732537268203116515e-02
4.577886800415536389e-02
4.435957690112858620e-02
4.282913029242332165e-02
4.122930843407183327e-02
3.962733147307562209e-02
3.816829567070964546e-02
3.678406195016861724e-02
3.542279731464762632e-02
3.400231405437637022e-02
3.267668337091950842e-02
3.141057028321912054e-02
3.018904790895906784e-02
2.899337598078768549e-02
2.781304370017222832e-02
2.664624143242548190e-02
2.547848553146345521e-02
2.439044769810891702e-02
2.333290582227147067e-02
2.232543883515365063e-02
2.126307309174545884e-02
2.018856197165786251e-02
1.917873324055851050e-02
1.821566872913274807e-02
1.727619926119144597e-02
1.636778071395002948e-02
1.551906359384346533e-02
1.468533573885230821e-02
1.385872046586500428e-02
1.310439905904127456e-02
1.239092570177690450e-02
1.171979277273687246e-02
1.102887013509284107e-02
1.038548102313857809e-02
9.740929830477636914e-03
9.164166414192372739e-03
8.622194026825217086e-03
8.133422913708757487e-03
7.634722914335131949e-03
7.148244039318163955e-03
6.704267457408275184e-03
6.273055123443416550e-03
5.842621483491751942e-03
5.430955922220159944e-03
5.042218512331999095e-03
4.688191054666155690e-03
4.358649871486260791e-03
4.055676728557870529e-03
3.758964588434168200e-03
3.476210554664213841e-03
3.229374242981471882e-03
3.005880785251750613e-03
2.794524026643581925e-03
2.593192423003771573e-03
2.407783372809054606e-03
2.240245414565859156e-03
2.077907185287374784e-03
1.921711622627498813e-03
1.776916112058941032e-03
1.638023786432911801e-03
1.507208224593966153e-03
1.385701591318187374e-03
1.275574769960050167e-03
1.174306086158681713e-03
1.083165875867960707e-03
9.976172365488114764e-04
9.170544787954654524e-04
8.444949710666188212e-04
7.748744036986419470e-04
7.126895839822017546e-04
6.550980860577515366e-04
6.034677489570646619e-04
5.565880980300196533e-04
5.119674754625020514e-04
4.703322834058236120e-04
4.338948941233778116e-04
3.990047973365680846e-04
3.656837865612790560e-04
3.360264967389804181e-04
3.103204579531330942e-04
2.853968644254708089e-04
2.626209806325596687e-04
2.416133969530996010e-04
2.222053983682943028e-04
2.044537001690052691e-04
1.880358951798323313e-04
1.715590566227578352e-04
1.572077922470721458e-04
1.439106193380797053e-04
1.325634607214303646e-04
1.222336426285993891e-04
1.122595730998167727e-04
1.030737825507365259e-04
9.537091930983628062e-05
8.861762166081502471e-05
8.191720121215420613e-05
7.565953568735564114e-05
7.007445296441831373e-05
6.501759506938492616e-05
6.054638376549083408e-05
5.618878297587514637e-05
5.188137662170891741e-05
4.801943998329459172e-05
4.467933819878989294e-05
4.157540296232865347e-05
3.876462768898792787e-05
3.601338305268087870e-05
3.341252897682800936e-05
3.124702921609213865e-05
2.928306171581998907e-05
2.743289670520793110e-05
2.589593891573815229e-05
2.444134278355399847e-05
2.301951147685228722e-05
2.171863290352486769e-05
2.051290438240978411e-05
1.935114421898185454e-05
1.829187829843988199e-05
1.731044290159174990e-05
1.642687176636936701e-05
1.556902822826843982e-05
1.472702069192381604e-05
1.377600143864648713e-05
1.294789744954356530e-05
1.230636828995355929e-05
1.154277940980211733e-05
1.081047130760557125e-05
1.026326989408929751e-05
9.765109763428917001e-06
9.219984128715862957e-06
8.690526814778893510e-06
8.240142558141178901e-06
7.735503621206661000e-06
7.412088884310421967e-06
7.095440307248437797e-06
6.788549436304400416e-06
6.508441023201302955e-06
6.251031517587947415e-06
5.771529390012079348e-06
5.399151444886984480e-06
5.181768715695185564e-06
4.836048872798623520e-06
4.652937104994330154e-06
4.484367214165465000e-06
4.305967332772588512e-06
4.010786044794242869e-06
3.691750519043666385e-06
3.396376906288841282e-06
3.276243562946980629e-06
3.166379818240843373e-06
2.879833428261576977e-06
2.778416747894510228e-06
2.693021845546680390e-06
2.609777013339788886e-06
2.362790904179983590e-06
2.279841626807554628e-06
2.199681256382095362e-06
1.982101206755026509e-06
1.914176153935090942e-06
1.846820981190019376e-06
1.487375424978629408e-06
1.309142654279232273e-06
1.170672185112795008e-06
1.129507972428305872e-06
1.094063034429515146e-06
9.215997681944926342e-07
7.131375718730556211e-07
6.877357387223825604e-07
6.633222140199647494e-07
5.130687171977517322e-07
4.963992385822879424e-07
4.803104093634974583e-07
4.648226797054401995e-07
4.498830795646334873e-07
4.354677379808686703e-07
4.215881333451431709e-07
3.067629549609176361e-07
2.973183867025996285e-07
2.881996962338549530e-07
2.793815225224529061e-07
2.708832210156090557e-07
2.626627058800935063e-07
