2.053269340674124255e-01
1.963840884918765239e-01
1.870015352834463462e-01
1.790436227375204470e-01
1.736452387503195360e-01
1.677755790102144484e-01
1.606179410385439876e-01
1.546014532177149292e-01
1.491924541740763943e-01
1.435353028271645626e-01
1.394659543895786502e-01
1.357817475597454526e-01
1.307692698634943806e-01
1.264200480625934653e-01
1.233569802652193514e-01
1.194402935510352620e-01
1.165707517373966995e-01
1.135295107616328403e-01
1.113529779422118143e-01
1.093363019940538639e-01
1.076751736820523025e-01
1.065833958422427868e-01
1.049261764377147493e-01
1.032842070714337229e-01
1.017864933082915507e-01
1.014185984616215036e-01
1.017171524211062383e-01
1.011418025303223028e-01
9.993801191066566114e-02
9.866444295929462094e-02
9.760522727562541412e-02
9.722148235570031438e-02
9.648256822603699934e-02
9.563430146226159501e-02
9.495934902339732420e-02
9.399750829150986531e-02
9.327049008927013052e-02
9.220951150207201685e-02
9.157025862976857222e-02
9.060866653154722727e-02
9.017506832654108295e-02
9.014724097438228667e-02
8.975559158922741254e-02
8.893681552765322906e-02
8.780190518377864461e-02
8.670554522757872862e-02
8.637290623931510869e-02
8.669157548112527145e-02
8.711529033691679802e-02
8.663413591403917868e-02
8.596944141139593876e-02
8.562487084717518293e-02
8.497724562725633701e-02
8.500800604578813424e-02
8.534650920491693160e-02
8.526350907838424475e-02
8.540020465004440064e-02
8.535762714723039990e-02
8.487320771625464499e-02
8.446933627695314695e-02
8.397570142247369473e-02
8.374950345553713871e-02
8.323877026681972269e-02
8.308228087822576435e-02
8.274573184247080437e-02
8.197477558563545652e-02
8.174812428984407076e-02
8.126977892502661172e-02
8.063947559639261797e-02
7.972743280488125972e-02
7.884138668766747793e-02
7.815138319614262086e-02
7.740890314678006145e-02
7.693386660192909343e-02
7.652238661724727886e-02
7.610848280977641767e-02
7.533467025724845112e-02
7.473221127618337456e-02
7.437285064205859109e-02
7.384838885974166767e-02
7.332401736969926254e-02
7.265994886218558879e-02
7.217401031012211921e-02
7.185095845769888523e-02
7.147474338211486089e-02
7.102153088424269234e-02
7.020745604162892395e-02
6.907646932267376416e-02
6.811189179185199449e-02
6.743274280638650309e-02
6.697936983541531719e-02
6.636047878849464510e-02
6.586192513852366648e-02
6.523307523190592649e-02
6.429720059202299887e-02
6.374592783329674495e-02
6.286479006982119422e-02
6.170844217608218579e-02
6.093344367130028305e-02
6.049590626689105299e-02
5.994546122766902796e-02
5.933985399535937622e-02
5.853316298110416982e-02
5.766123773937906899e-02
5.664275371452107133e-02
5.538602204733436563e-02
5.438541543437755421e-02
5.349953393752949343e-02
5.262567876482992374e-02
5.169515005903380783e-02
5.056685725286833022e-02
4.955342482452639030e-02
4.855675711476149098e-02
4.771450602575338928e-02
4.702424011902769235e-02
4.624534928915585708e-02
4.579025720355524992e-02
4.515922759715124135e-02
4.451964627883545078e-02
4.404220235556709218e-02
4.356965699933751379e-02
4.297860198105104418e-02
4.219974383243825511e-02
4.142254106252962059e-02
4.050994840661920060e-02
3.963142369492123757e-02
3.889729372203451496e-02
3.822406897633425643e-02
3.767346536411427665e-02
3.693052370082165747e-02
3.605357420103640076e-02
3.527336467746267773e-02
3.444816971631353697e-02
3.370931718986452247e-02
3.306534715933707319e-02
3.238869328121423558e-02
3.162127386149538727e-02
3.098844408644384901e-02
3.039305548767021886e-02
2.990448464951159582e-02
2.944077932179252691e-02
2.892066131040106625e-02
2.827237764597734584e-02
2.760253128717664664e-02
2.700928504712826750e-02
2.639624635220541582e-02
2.578079561925366442e-02
2.534479286503999243e-02
2.493667425424172038e-02
2.434163808581980143e-02
2.365436682508614830e-02
2.301148865152338741e-02
2.236999711000145497e-02
2.191755501482767904e-02
2.145887067431332881e-02
2.105647411069808128e-02
2.064480684443203290e-02
2.009906873372181019e-02
1.963579025180481330e-02
1.912664645506381711e-02
1.871859009777119415e-02
1.833448718346245704e-02
1.799063226764743492e-02
1.761619257663301491e-02
1.724547720783011287e-02
1.690275554023465410e-02
1.656584330716649039e-02
1.616608518599708250e-02
1.570150269253266229e-02
1.524137740871878838e-02
1.487172415683154537e-02
1.457689673842678391e-02
1.438611365973645369e-02
1.420770620213548593e-02
1.392793773898414605e-02
1.361243254203984600e-02
1.333962693367227517e-02
1.311178235808481071e-02
1.292345523556307635e-02
1.265244092400395065e-02
1.245208683141024036e-02
1.226932787824377633e-02
1.202025512108977415e-02
1.181677865991013869e-02
1.156175447582584968e-02
1.131469579366753755e-02
1.112106447320749224e-02
1.088720463997499242e-02
1.064377905194656936e-02
1.046555468128266414e-02
1.025475584377323265e-02
1.002231535963657438e-02
9.813919831499559251e-03
9.598474030193178755e-03
9.402885429490349251e-03
9.202889911477336871e-03
9.043518546300352567e-03
8.877369762519373569e-03
8.682784416465800029e-03
8.506869893057716556e-03
8.323044525604892871e-03
8.127374820282593296e-03
7.987546902694889206e-03
7.846662938692716346e-03
7.713040856025349563e-03
7.586173527127863803e-03
7.419581237710820391e-03
7.299880954903715906e-03
7.174097336139619550e-03
7.070789677871712822e-03
6.980053352119215682e-03
6.870458809750594996e-03
6.748805851328330829e-03
6.599181068143088365e-03
6.470293562298633228e-03
6.359724853529003311e-03
6.234305430078962776e-03
6.096717422059980476e-03
5.950754424236385544e-03
5.843192637330110219e-03
5.752596917510777001e-03
5.624270583223268949e-03
5.490251466648546873e-03
5.355714434565855657e-03
5.235028798255825233e-03
5.128702659259785392e-03
5.024462751181953818e-03
4.908334951318444467e-03
4.782748316285604338e-03
4.665789739666367265e-03
4.594365633973092333e-03
4.518730169038845737e-03
4.430960591679494742e-03
4.344741984542808445e-03
4.243128477982424131e-03
4.167473389289156997e-03
4.103315504664677843e-03
4.043525622291779809e-03
3.994763527607271374e-03
3.929483442649655753e-03
3.850414838968034287e-03
3.776846299271487736e-03
3.703919421694522578e-03
3.619911227694193757e-03
3.551454997480473982e-03
3.482505373895298292e-03
3.420616708074485784e-03
3.343867237211350322e-03
3.278934463573923881e-03
3.223393853469696136e-03
3.172850843324675346e-03
3.110340581891739720e-03
3.068268983348836250e-03
3.032098389484423444e-03
2.998614445443550242e-03
2.951480851724775593e-03
2.911717288300339629e-03
2.865545107216173164e-03
2.811450342799319373e-03
2.770607168940899482e-03
2.720661789679767410e-03
2.666049500734640147e-03
2.617729636813077160e-03
2.577922471176488737e-03
2.546893922999033701e-03
2.506328654236615345e-03
2.453537430378068245e-03
2.412896702665386691e-03
2.377112905658034913e-03
2.333376104079284974e-03
2.285656110558455679e-03
2.240896270933045564e-03
2.198397939994076438e-03
2.166361938476428408e-03
2.130450156899715321e-03
2.092358790389615194e-03
2.060819142292575051e-03
2.037430503836008735e-03
2.007275301817137460e-03
1.980138571790589913e-03
1.951372318261052107e-03
1.919735045868880630e-03
1.885413827806837030e-03
1.856199907379579026e-03
1.822956352333500842e-03
1.793991728329209214e-03
1.761098731160527526e-03
1.726174198011536228e-03
1.695840823834542576e-03
1.666246091169638378e-03
1.639339054125847107e-03
1.619081177304193975e-03
1.599372010689343671e-03
1.576951625603397258e-03
1.557155392415431917e-03
1.530063845343591694e-03
1.507116351716629096e-03
1.485367558173029956e-03
1.473881242052366017e-03
1.457017452586915115e-03
1.438424282621808764e-03
1.417910320887706254e-03
1.407656911795745428e-03
1.394518525713933947e-03
1.373807329442605901e-03
1.350140476190062533e-03
1.323339258723585724e-03
1.296649411610091909e-03
1.279506979398835169e-03
1.263082155127975793e-03
1.241950214679534261e-03
1.218415696077725444e-03
1.198954494095115422e-03
1.177636667431295695e-03
1.154083522674017107e-03
1.135778485426809908e-03
1.116158418986008989e-03
1.098655960387027314e-03
1.077685507093468229e-03
1.064947559843800991e-03
1.051889357602901146e-03
1.043809670945026677e-03
1.033350138053550082e-03
1.020894442005752583e-03
1.003699869032247463e-03
9.911157694588907958e-04
9.793786197832656578e-04
9.658266360004466762e-04
9.513989075781149841e-04
9.412549523023130537e-04
9.302238249586820829e-04
9.163359524522442451e-04
9.038522762326092882e-04
8.933413467138541031e-04
8.847795467825313957e-04
8.778082815099622549e-04
8.709577296486682024e-04
8.646156588036279719e-04
8.569242650435317287e-04
8.459586386534097323e-04
8.350086005445070663e-04
8.222855014089807063e-04
8.106648216626647762e-04
7.953206226109574414e-04
7.820584051364769642e-04
7.703029140878174270e-04
7.629249607756004650e-04
7.566134819371817324e-04
7.501575529989144495e-04
7.383832018799644679e-04
7.289316342012122077e-04
7.176193467662870867e-04
7.068998308919091861e-04
6.970495179629306167e-04
6.858419018971978432e-04
6.760986884529384061e-04
6.696596336990857934e-04
6.641896903414792191e-04
6.581236707864919315e-04
6.498892089589052576e-04
6.425089154164244885e-04
6.371462648945216837e-04
6.322427236411325667e-04
6.257979612166949829e-04
6.197792500957214658e-04
6.141467178784276943e-04
6.063791462695000819e-04
6.013058776118104841e-04
5.954712317832728911e-04
5.906668111085379728e-04
5.822577455476346748e-04
5.753671259740232276e-04
5.668117500970709004e-04
5.605674035245528444e-04
5.567256513097580727e-04
5.512209812647050683e-04
5.444009568313377999e-04
5.375693931381523519e-04
5.328345694585152155e-04
5.298900022185803376e-04
5.256238138827770559e-04
5.207893383249752577e-04
5.157577355395318855e-04
5.073436168445811080e-04
4.996382606890526499e-04
4.923772787658434224e-04
4.870091472862048240e-04
4.805586309311005665e-04
4.737927318672926873e-04
4.655701910800996626e-04
4.575038313527957957e-04
4.502313646615464489e-04
4.443979867874327662e-04
4.393424328455351941e-04
4.356320700278614182e-04
4.306665162361709574e-04
4.257950078335418376e-04
4.207588595155407440e-04
4.139826987389257367e-04
4.082316828943478425e-04
4.037895025729047803e-04
3.988037671286006973e-04
3.941432172085806139e-04
3.896837755291132480e-04
3.846154630146949877e-04
3.797615416536903772e-04
3.742892626594552011e-04
3.682553250895469741e-04
3.636128500972979219e-04
3.596681648808708375e-04
3.550517347843873059e-04
3.492337485632226470e-04
3.421665367506833725e-04
3.357963807660479453e-04
3.314391270883855468e-04
3.274487395215677213e-04
3.229181450218332472e-04
3.178362147672987776e-04
3.122513990952228958e-04
3.076488898671005719e-04
3.030533117268608095e-04
2.986713588184475299e-04
2.939692500874028168e-04
2.902787462423817868e-04
2.856129246950294526e-04
2.789641888055342301e-04
2.731415121226102348e-04
2.681306964175181047e-04
2.633089208375358008e-04
2.586621051366576243e-04
2.529546743627224606e-04
2.469438127779865805e-04
2.415466841239667401e-04
2.360625315312544397e-04
2.311348680303142123e-04
2.273450435331186511e-04
2.233793886726037625e-04
2.187237218923201857e-04
2.140828410747561887e-04
2.099614049639069357e-04
2.055542334717236342e-04
2.018765982950024383e-04
1.981685064791280642e-04
1.945879551446692206e-04
1.909902408399361147e-04
1.870087929917447610e-04
1.827094568762630065e-04
1.777708236955882998e-04
1.732327817023563798e-04
1.694470579491432654e-04
1.654750588688335788e-04
1.620821069305485875e-04
1.585710858469336303e-04
1.551539630248199603e-04
1.516728809366124154e-04
1.478235437051508318e-04
1.437529297207935995e-04
1.398123935888734434e-04
1.359204396058178528e-04
1.320071908883554816e-04
1.277369425350679904e-04
1.242605429108804567e-04
1.211415168562488107e-04
1.181379615468609569e-04
1.149622523206049766e-04
1.117372703990913871e-04
1.082758578637063303e-04
1.052789943323308592e-04
1.024663533899693510e-04
9.968337416504368938e-05
9.669474399297435779e-05
9.396156827508103508e-05
9.151252235746607964e-05
8.934340056012630223e-05
8.671457887166437192e-05
8.417010393857310966e-05
8.195419205603034880e-05
7.995256124588281325e-05
7.760831299851772200e-05
7.529056840499653825e-05
7.274912728036349926e-05
7.061794372492239183e-05
6.866293253769338806e-05
6.682117296889861983e-05
6.503875250442331260e-05
6.319832480386440099e-05
6.117100945307258947e-05
5.919094780068681920e-05
5.738493642826384788e-05
5.557533022949150012e-05
5.387092202422689026e-05
5.231650706734304151e-05
5.043333180680929252e-05
4.857313119487718424e-05
4.691864541437155164e-05
4.532996373653929513e-05
4.371990862373338832e-05
4.222920997617647958e-05
4.097880626321333128e-05
3.966229648639879401e-05
3.825971544663060345e-05
3.687586567831123614e-05
3.541693704121458785e-05
3.404440672682738998e-05
3.277714899888108541e-05
3.156540387803220089e-05
3.052290091084081206e-05
2.955274561789463341e-05
2.853920341481825263e-05
2.749722526239786098e-05
2.653052989759380637e-05
2.566102741580528318e-05
2.481769768205529966e-05
2.402144732119278144e-05
2.317301567056077581e-05
2.232650864723653919e-05
2.158942475145408422e-05
2.090275806174774398e-05
2.022318786368992221e-05
1.955439007130892860e-05
1.894281683124913684e-05
1.838319575920887493e-05
1.770572734432162331e-05
1.704604200265151534e-05
1.639559422083828393e-05
1.585497218988979079e-05
1.528653004879001475e-05
1.417643649971271710e-05
1.366020118066589636e-05
1.317341780940512618e-05
1.265986230946282482e-05
1.220434836584867893e-05
1.172634927755763884e-05
1.128791031018496265e-05
1.085380677310826443e-05
1.042175949622386269e-05
1.001114453216229313e-05
9.636311281599048927e-06
9.267970749530816613e-06
8.905354147949009051e-06
8.583930728314481063e-06
8.274047283156493144e-06
7.978076539791212232e-06
7.710561964707069233e-06
7.437756161296157309e-06
7.161852836314076007e-06
6.882248048681717271e-06
6.639850855163397605e-06
6.421021679379261110e-06
6.180446577590719952e-06
5.945701498246352569e-06
5.718402295154147000e-06
5.506370851897283762e-06
5.333331291958091187e-06
5.158074098695537359e-06
4.989513709802361181e-06
4.823057128538386795e-06
4.632189867591439984e-06
4.456037120044248325e-06
4.306387480354540332e-06
4.178867817490135998e-06
4.047062543420672921e-06
3.926946905259772132e-06
3.793026496861785210e-06
3.660378354238204481e-06
3.544887443592015907e-06
3.446254749722715623e-06
3.317601339609190432e-06
3.187313926340412667e-06
3.053526168818751493e-06
2.925446092186657996e-06
2.800582130495689715e-06
2.688667246067062738e-06
2.593743492354288099e-06
2.501629190570489092e-06
2.418410960809917608e-06
2.331114845338830933e-06
2.248922375996409891e-06
2.164452465317190576e-06
2.082797040427619976e-06
2.009568976865227962e-06
1.871458277364732970e-06
1.807669265864619966e-06
1.747147999058379753e-06
1.687150244802093245e-06
1.632146148226901614e-06
1.583195957610946853e-06
1.541356889918777032e-06
1.496745064697843334e-06
1.454492624525447293e-06
1.409239141922015049e-06
1.362531781417383810e-06
1.141278275141011347e-06
1.105946919462120762e-06
1.073299617242537451e-06
1.042104337155157275e-06
1.011019543248225539e-06
9.836569355137523302e-07
9.568095712790626096e-07
9.281350942143068425e-07
9.022911819711488017e-07
8.338119538177025426e-07
7.251805294153176703e-07
6.341291687170286636e-07
6.135359161985438696e-07
4.511363887457595458e-07
4.376144305828129722e-07
3.777713945874556258e-07
3.670001865598253338e-07
3.559882817544067294e-07
3.448090246261166251e-07
3.335629599119936152e-07
3.227515551223463696e-07
3.115605906527992280e-07
3.015614285206525183e-07
2.912675323657989945e-07
2.829286496465921583e-07
2.747769818513689453e-07
2.678805661510322501e-07
2.612963773111482130e-07
2.551867446044419089e-07
2.491278609885011352e-07
1.992658281281543549e-07
1.943481703073227394e-07
1.892069256181110972e-07
1.846423113985857097e-07
1.801096899338839465e-07
1.752441171782021845e-07
1.704018890156932314e-07
1.257233398302838029e-07
1.236644441495769764e-07
8.203673598955075395e-08
8.006368123154660963e-08
7.859982119361115305e-08
5.202525387340530044e-08
5.206599657439700648e-08
