4.250000000000000000e+02
4.500000000000000000e+02
4.750000000000000000e+02
5.000000000000000000e+02
5.250000000000000000e+02
5.500000000000000000e+02
5.750000000000000000e+02
6.000000000000000000e+02
6.250000000000000000e+02
6.500000000000000000e+02
6.750000000000000000e+02
7.000000000000000000e+02
7.250000000000000000e+02
7.500000000000000000e+02
7.750000000000000000e+02
8.000000000000000000e+02
8.250000000000000000e+02
8.500000000000000000e+02
8.750000000000000000e+02
9.000000000000000000e+02
9.250000000000000000e+02
9.500000000000000000e+02
9.750000000000000000e+02
1.000000000000000000e+03
1.025000000000000000e+03
1.050000000000000000e+03
1.075000000000000000e+03
1.100000000000000000e+03
1.125000000000000000e+03
1.150000000000000000e+03
1.175000000000000000e+03
1.200000000000000000e+03
1.225000000000000000e+03
1.250000000000000000e+03
1.275000000000000000e+03
1.300000000000000000e+03
1.325000000000000000e+03
1.350000000000000000e+03
1.375000000000000000e+03
