-7.340025953259699421e+00
-7.443945187528527185e+00
-6.794449973348363869e+00
-7.651783656066179162e+00
-7.210126910423667823e+00
-7.521884613230145789e+00
-7.703743273200592157e+00
-8.223339444544722099e+00
-7.729723081767797765e+00
-8.431177913082374076e+00
-8.509117338783992679e+00
-7.106207676154841835e+00
-7.677763464633384771e+00
-7.703743273200592157e+00
-8.145400018843103496e+00
-7.417965378961319800e+00
-9.080673127262537392e+00
-7.469924996095732794e+00
-8.639016381620026053e+00
-8.067460593141484892e+00
-8.145400018843103496e+00
-7.443945187528527185e+00
-7.911581741738244133e+00
-8.457157721649581461e+00
-7.599824038931766168e+00
-8.457157721649581461e+00
-9.158612552964155995e+00
-8.067460593141484892e+00
-9.470370255770637513e+00
-9.470370255770637513e+00
-7.937561550305449742e+00
-8.145400018843103496e+00
-8.613036573052818667e+00
-9.184592361531363380e+00
-7.937561550305449742e+00
-8.794895233023266812e+00
-8.976753892993711403e+00
-7.340025953259699421e+00
-7.859622124603831139e+00
