-6.351767402746233415e+00
-6.351767402746233415e+00
-6.507632500071801829e+00
-5.832217078327673221e+00
-5.858194594548601586e+00
-5.000936559257974423e+00
-5.078869107920759518e+00
-5.182779172804471202e+00
-5.234734205246327932e+00
-5.182779172804471202e+00
-4.974959043037047834e+00
-5.104846624141687883e+00
-4.481386234839414229e+00
-5.546464399897464759e+00
-4.923004010595191104e+00
-5.650374464781176442e+00
-4.585296299723125912e+00
-4.845071461932407786e+00
-4.507363751060342594e+00
-5.182779172804471202e+00
-5.156801656583542837e+00
-5.156801656583542837e+00
-5.390599302571896345e+00
-5.364621786350967980e+00
-4.923004010595191104e+00
-5.312666753909111250e+00
-5.078869107920759518e+00
-4.247588588851060720e+00
-4.923004010595191104e+00
-4.948981526816119469e+00
-4.689206364606837596e+00
-4.585296299723125912e+00
-4.611273815944054277e+00
-4.715183880827765961e+00
-4.845071461932407786e+00
-4.507363751060342594e+00
-4.247588588851060720e+00
-4.273566105071989085e+00
-4.325521137513845815e+00
-4.377476169955700769e+00
-4.507363751060342594e+00
-4.533341267281270959e+00
-4.507363751060342594e+00
-4.325521137513845815e+00
-4.325521137513845815e+00
-4.325521137513845815e+00
-4.247588588851060720e+00
-4.273566105071989085e+00
-4.065745975304565718e+00
