2.125000000000000000e+03
2.150000000000000000e+03
2.175000000000000000e+03
2.200000000000000000e+03
2.225000000000000000e+03
2.250000000000000000e+03
2.275000000000000000e+03
2.300000000000000000e+03
2.325000000000000000e+03
2.350000000000000000e+03
2.375000000000000000e+03
2.400000000000000000e+03
2.425000000000000000e+03
2.450000000000000000e+03
2.475000000000000000e+03
2.500000000000000000e+03
2.525000000000000000e+03
2.550000000000000000e+03
2.575000000000000000e+03
2.600000000000000000e+03
2.625000000000000000e+03
2.675000000000000000e+03
2.700000000000000000e+03
2.725000000000000000e+03
2.750000000000000000e+03
2.775000000000000000e+03
2.800000000000000000e+03
2.825000000000000000e+03
2.850000000000000000e+03
2.875000000000000000e+03
2.900000000000000000e+03
2.925000000000000000e+03
2.950000000000000000e+03
2.975000000000000000e+03
3.000000000000000000e+03
3.025000000000000000e+03
3.050000000000000000e+03
3.075000000000000000e+03
3.100000000000000000e+03
3.125000000000000000e+03
3.150000000000000000e+03
3.175000000000000000e+03
3.200000000000000000e+03
3.225000000000000000e+03
3.250000000000000000e+03
3.275000000000000000e+03
3.300000000000000000e+03
3.325000000000000000e+03
3.350000000000000000e+03
